#          k/h    CDM            baryon         photon         nu             mass_nu        total          no_nu          total_de       Weyl           v_CDM          v_b            v_b-v_c     
   0.105040E-04   0.168984E+08   0.168984E+08   0.225178E+08   0.225175E+08   0.169005E+08   0.168984E+08   0.168984E+08   0.169050E+08  -0.440637E+00   0.871457E+07   0.871457E+07   0.568969E+01
   0.116035E-04   0.168985E+08   0.168985E+08   0.225151E+08   0.225146E+08   0.169007E+08   0.168985E+08   0.168985E+08   0.169051E+08  -0.440640E+00   0.871461E+07   0.871461E+07   0.628504E+01
   0.128180E-04   0.168987E+08   0.168987E+08   0.225117E+08   0.225112E+08   0.169008E+08   0.168987E+08   0.168987E+08   0.169053E+08  -0.440644E+00   0.871466E+07   0.871466E+07   0.694263E+01
   0.141597E-04   0.168989E+08   0.168989E+08   0.225076E+08   0.225070E+08   0.169010E+08   0.168989E+08   0.168989E+08   0.169055E+08  -0.440650E+00   0.871472E+07   0.871472E+07   0.766896E+01
   0.156418E-04   0.168991E+08   0.168991E+08   0.225026E+08   0.225018E+08   0.169012E+08   0.168991E+08   0.168991E+08   0.169057E+08  -0.440656E+00   0.871479E+07   0.871479E+07   0.847119E+01
   0.172790E-04   0.168994E+08   0.168994E+08   0.224965E+08   0.224955E+08   0.169015E+08   0.168995E+08   0.168994E+08   0.169060E+08  -0.440664E+00   0.871488E+07   0.871487E+07   0.935723E+01
   0.190876E-04   0.168998E+08   0.168998E+08   0.224891E+08   0.224879E+08   0.169019E+08   0.168998E+08   0.168998E+08   0.169064E+08  -0.440674E+00   0.871498E+07   0.871498E+07   0.103358E+02
   0.210855E-04   0.169003E+08   0.169003E+08   0.224800E+08   0.224785E+08   0.169023E+08   0.169003E+08   0.169003E+08   0.169069E+08  -0.440686E+00   0.871511E+07   0.871511E+07   0.114165E+02
   0.232925E-04   0.169008E+08   0.169008E+08   0.224690E+08   0.224672E+08   0.169028E+08   0.169008E+08   0.169008E+08   0.169074E+08  -0.440700E+00   0.871527E+07   0.871527E+07   0.126099E+02
   0.257305E-04   0.169015E+08   0.169015E+08   0.224555E+08   0.224533E+08   0.169035E+08   0.169015E+08   0.169015E+08   0.169081E+08  -0.440717E+00   0.871546E+07   0.871546E+07   0.139276E+02
   0.284237E-04   0.169023E+08   0.169023E+08   0.224390E+08   0.224363E+08   0.169042E+08   0.169023E+08   0.169023E+08   0.169089E+08  -0.440739E+00   0.871569E+07   0.871569E+07   0.153826E+02
   0.313988E-04   0.169033E+08   0.169033E+08   0.224189E+08   0.224156E+08   0.169052E+08   0.169033E+08   0.169033E+08   0.169099E+08  -0.440765E+00   0.871598E+07   0.871598E+07   0.169888E+02
   0.346853E-04   0.169046E+08   0.169046E+08   0.223945E+08   0.223904E+08   0.169064E+08   0.169046E+08   0.169046E+08   0.169111E+08  -0.440796E+00   0.871633E+07   0.871632E+07   0.187619E+02
   0.383158E-04   0.169061E+08   0.169061E+08   0.223646E+08   0.223597E+08   0.169078E+08   0.169061E+08   0.169061E+08   0.169126E+08  -0.440835E+00   0.871675E+07   0.871675E+07   0.207187E+02
   0.423263E-04   0.169079E+08   0.169079E+08   0.223283E+08   0.223223E+08   0.169095E+08   0.169079E+08   0.169079E+08   0.169144E+08  -0.440882E+00   0.871726E+07   0.871726E+07   0.228780E+02
   0.467566E-04   0.169101E+08   0.169101E+08   0.222840E+08   0.222767E+08   0.169116E+08   0.169101E+08   0.169101E+08   0.169166E+08  -0.440939E+00   0.871790E+07   0.871789E+07   0.252600E+02
   0.516506E-04   0.169128E+08   0.169128E+08   0.222300E+08   0.222211E+08   0.169141E+08   0.169128E+08   0.169128E+08   0.169193E+08  -0.441009E+00   0.871866E+07   0.871866E+07   0.278870E+02
   0.570568E-04   0.169161E+08   0.169161E+08   0.221643E+08   0.221535E+08   0.169172E+08   0.169161E+08   0.169161E+08   0.169226E+08  -0.441094E+00   0.871959E+07   0.871959E+07   0.307830E+02
   0.630290E-04   0.169201E+08   0.169201E+08   0.220843E+08   0.220712E+08   0.169209E+08   0.169201E+08   0.169201E+08   0.169266E+08  -0.441197E+00   0.872072E+07   0.872072E+07   0.339742E+02
   0.696262E-04   0.169250E+08   0.169250E+08   0.219871E+08   0.219711E+08   0.169255E+08   0.169250E+08   0.169250E+08   0.169314E+08  -0.441322E+00   0.872210E+07   0.872209E+07   0.374887E+02
   0.769139E-04   0.169309E+08   0.169308E+08   0.218689E+08   0.218495E+08   0.169310E+08   0.169309E+08   0.169309E+08   0.169373E+08  -0.441475E+00   0.872377E+07   0.872376E+07   0.413568E+02
   0.849645E-04   0.169380E+08   0.169380E+08   0.217255E+08   0.217019E+08   0.169377E+08   0.169380E+08   0.169380E+08   0.169444E+08  -0.441659E+00   0.872580E+07   0.872579E+07   0.456105E+02
   0.938577E-04   0.169467E+08   0.169467E+08   0.215515E+08   0.215229E+08   0.169458E+08   0.169467E+08   0.169467E+08   0.169530E+08  -0.441883E+00   0.872826E+07   0.872824E+07   0.502835E+02
   0.103682E-03   0.169572E+08   0.169571E+08   0.213409E+08   0.213062E+08   0.169557E+08   0.169572E+08   0.169572E+08   0.169634E+08  -0.442153E+00   0.873123E+07   0.873121E+07   0.554109E+02
   0.114534E-03   0.169698E+08   0.169698E+08   0.210862E+08   0.210442E+08   0.169675E+08   0.169698E+08   0.169698E+08   0.169760E+08  -0.442478E+00   0.873481E+07   0.873479E+07   0.610284E+02
   0.126522E-03   0.169850E+08   0.169850E+08   0.207789E+08   0.207282E+08   0.169817E+08   0.169850E+08   0.169850E+08   0.169911E+08  -0.442870E+00   0.873913E+07   0.873910E+07   0.671716E+02
   0.139765E-03   0.170033E+08   0.170032E+08   0.204091E+08   0.203481E+08   0.169987E+08   0.170033E+08   0.170033E+08   0.170092E+08  -0.443341E+00   0.874431E+07   0.874428E+07   0.738746E+02
   0.154395E-03   0.170251E+08   0.170250E+08   0.199655E+08   0.198922E+08   0.170191E+08   0.170251E+08   0.170251E+08   0.170309E+08  -0.443904E+00   0.875051E+07   0.875048E+07   0.811680E+02
   0.170555E-03   0.170511E+08   0.170510E+08   0.194355E+08   0.193477E+08   0.170432E+08   0.170511E+08   0.170511E+08   0.170567E+08  -0.444573E+00   0.875790E+07   0.875786E+07   0.890771E+02
   0.188407E-03   0.170819E+08   0.170817E+08   0.188050E+08   0.187004E+08   0.170718E+08   0.170819E+08   0.170819E+08   0.170873E+08  -0.445367E+00   0.876667E+07   0.876662E+07   0.976180E+02
   0.208127E-03   0.171182E+08   0.171180E+08   0.180595E+08   0.179355E+08   0.171054E+08   0.171181E+08   0.171182E+08   0.171234E+08  -0.446302E+00   0.877701E+07   0.877694E+07   0.106793E+03
   0.229912E-03   0.171607E+08   0.171604E+08   0.171843E+08   0.170383E+08   0.171446E+08   0.171606E+08   0.171606E+08   0.171656E+08  -0.447395E+00   0.878912E+07   0.878904E+07   0.116588E+03
   0.253977E-03   0.172099E+08   0.172096E+08   0.161660E+08   0.159954E+08   0.171898E+08   0.172098E+08   0.172099E+08   0.172145E+08  -0.448663E+00   0.880319E+07   0.880309E+07   0.126961E+03
   0.280561E-03   0.172665E+08   0.172662E+08   0.149942E+08   0.147968E+08   0.172415E+08   0.172664E+08   0.172665E+08   0.172707E+08  -0.450121E+00   0.881939E+07   0.881928E+07   0.137838E+03
   0.309927E-03   0.173309E+08   0.173305E+08   0.136643E+08   0.134386E+08   0.173000E+08   0.173307E+08   0.173309E+08   0.173347E+08  -0.451778E+00   0.883785E+07   0.883771E+07   0.149102E+03
   0.342367E-03   0.174033E+08   0.174027E+08   0.121807E+08   0.119266E+08   0.173650E+08   0.174030E+08   0.174032E+08   0.174065E+08  -0.453638E+00   0.885862E+07   0.885845E+07   0.160586E+03
   0.378202E-03   0.174834E+08   0.174827E+08   0.105613E+08   0.102805E+08   0.174363E+08   0.174830E+08   0.174833E+08   0.174861E+08  -0.455699E+00   0.888166E+07   0.888146E+07   0.172060E+03
   0.417788E-03   0.175707E+08   0.175699E+08   0.884177E+07   0.853850E+07   0.175130E+08   0.175703E+08   0.175706E+08   0.175729E+08  -0.457945E+00   0.890682E+07   0.890659E+07   0.183226E+03
   0.461518E-03   0.176644E+08   0.176634E+08   0.707913E+07   0.676108E+07   0.175935E+08   0.176639E+08   0.176642E+08   0.176659E+08  -0.460352E+00   0.893382E+07   0.893355E+07   0.193718E+03
   0.509825E-03   0.177628E+08   0.177617E+08   0.535319E+07   0.503173E+07   0.176762E+08   0.177623E+08   0.177627E+08   0.177638E+08  -0.462884E+00   0.896222E+07   0.896191E+07   0.203105E+03
   0.563188E-03   0.178643E+08   0.178630E+08   0.376247E+07   0.345251E+07   0.177585E+08   0.178636E+08   0.178641E+08   0.178647E+08  -0.465492E+00   0.899144E+07   0.899109E+07   0.210913E+03
   0.622137E-03   0.179665E+08   0.179650E+08   0.241228E+07   0.213103E+07   0.178374E+08   0.179657E+08   0.179663E+08   0.179664E+08  -0.468120E+00   0.902079E+07   0.902039E+07   0.216660E+03
   0.687256E-03   0.180670E+08   0.180652E+08   0.139279E+07   0.115715E+07   0.179099E+08   0.180661E+08   0.180668E+08   0.180664E+08  -0.470706E+00   0.904946E+07   0.904900E+07   0.219907E+03
   0.759191E-03   0.181633E+08   0.181613E+08   0.749082E+06   0.571592E+06   0.179724E+08   0.181621E+08   0.181630E+08   0.181623E+08  -0.473184E+00   0.907658E+07   0.907608E+07   0.220321E+03
   0.838655E-03   0.182528E+08   0.182505E+08   0.452359E+06   0.336648E+06   0.180213E+08   0.182514E+08   0.182525E+08   0.182516E+08  -0.475491E+00   0.910126E+07   0.910072E+07   0.217732E+03
   0.926437E-03   0.183332E+08   0.183307E+08   0.390564E+06   0.328211E+06   0.180531E+08   0.183316E+08   0.183328E+08   0.183317E+08  -0.477565E+00   0.912265E+07   0.912206E+07   0.212171E+03
   0.102341E-02   0.184025E+08   0.183997E+08   0.399921E+06   0.371541E+06   0.180643E+08   0.184005E+08   0.184020E+08   0.184006E+08  -0.479351E+00   0.913990E+07   0.913928E+07   0.203855E+03
   0.113053E-02   0.184588E+08   0.184557E+08   0.342876E+06   0.325191E+06   0.180517E+08   0.184565E+08   0.184583E+08   0.184566E+08  -0.480802E+00   0.915226E+07   0.915160E+07   0.193132E+03
   0.124886E-02   0.185007E+08   0.184974E+08   0.194410E+06   0.171113E+06   0.180122E+08   0.184980E+08   0.185001E+08   0.184980E+08  -0.481878E+00   0.915905E+07   0.915838E+07   0.180417E+03
   0.137958E-02   0.185270E+08   0.185236E+08   0.526315E+05   0.217107E+05   0.179434E+08   0.185238E+08   0.185264E+08   0.185238E+08  -0.482547E+00   0.915971E+07   0.915902E+07   0.166173E+03
   0.152398E-02   0.185368E+08   0.185334E+08   0.188363E+05  -0.110957E+05   0.178436E+08   0.185332E+08   0.185363E+08   0.185332E+08  -0.482786E+00   0.915374E+07   0.915305E+07   0.150972E+03
   0.168349E-02   0.185295E+08   0.185260E+08   0.518187E+05   0.302187E+05   0.177108E+08   0.185253E+08   0.185290E+08   0.185253E+08  -0.482577E+00   0.914073E+07   0.914004E+07   0.135553E+03
   0.185970E-02   0.185045E+08   0.185010E+08   0.260033E+05   0.119844E+05   0.175440E+08   0.184996E+08   0.185039E+08   0.184996E+08  -0.481906E+00   0.912029E+07   0.911962E+07   0.120732E+03
   0.205435E-02   0.184612E+08   0.184577E+08  -0.397675E+05  -0.524213E+05   0.173425E+08   0.184556E+08   0.184606E+08   0.184556E+08  -0.480758E+00   0.909204E+07   0.909138E+07   0.107186E+03
   0.226938E-02   0.183991E+08   0.183956E+08  -0.307315E+05  -0.319359E+05   0.171062E+08   0.183928E+08   0.183986E+08   0.183928E+08  -0.479119E+00   0.905448E+07   0.905383E+07   0.953401E+02
   0.250692E-02   0.183174E+08   0.183138E+08  -0.146963E+05   0.541583E+05   0.168350E+08   0.183102E+08   0.183168E+08   0.183102E+08  -0.476966E+00   0.900808E+07   0.900744E+07   0.853654E+02
   0.276932E-02   0.182155E+08   0.182118E+08  -0.391648E+05   0.358975E+05   0.165300E+08   0.182074E+08   0.182149E+08   0.182074E+08  -0.474287E+00   0.895293E+07   0.895229E+07   0.770758E+02
   0.305918E-02   0.180931E+08   0.180893E+08  -0.224690E+05   0.507122E+05   0.161919E+08   0.180840E+08   0.180925E+08   0.180840E+08  -0.471072E+00   0.888860E+07   0.888796E+07   0.699494E+02
   0.337938E-02   0.179497E+08   0.179456E+08  -0.335406E+05   0.398631E+05   0.158211E+08   0.179395E+08   0.179490E+08   0.179395E+08  -0.467308E+00   0.881463E+07   0.881399E+07   0.634369E+02
   0.373310E-02   0.177845E+08   0.177802E+08  -0.260829E+05   0.401334E+05   0.154174E+08   0.177732E+08   0.177838E+08   0.177732E+08  -0.462975E+00   0.873051E+07   0.872987E+07   0.571922E+02
   0.412384E-02   0.175967E+08   0.175922E+08  -0.308314E+05   0.269268E+05   0.149804E+08   0.175843E+08   0.175960E+08   0.175843E+08  -0.458053E+00   0.863574E+07   0.863510E+07   0.512741E+02
   0.455549E-02   0.173856E+08   0.173807E+08  -0.201967E+05   0.264712E+05   0.145101E+08   0.173719E+08   0.173848E+08   0.173719E+08  -0.452521E+00   0.852981E+07   0.852918E+07   0.459522E+02
   0.503231E-02   0.171500E+08   0.171447E+08  -0.150081E+05   0.214033E+05   0.140069E+08   0.171350E+08   0.171491E+08   0.171350E+08  -0.446350E+00   0.841215E+07   0.841153E+07   0.413458E+02
   0.555904E-02   0.168891E+08   0.168833E+08  -0.167136E+05   0.153890E+05   0.134719E+08   0.168729E+08   0.168882E+08   0.168729E+08  -0.439521E+00   0.828232E+07   0.828170E+07   0.372613E+02
   0.614090E-02   0.166026E+08   0.165962E+08  -0.143871E+05   0.118853E+05   0.128816E+08   0.165849E+08   0.166016E+08   0.165849E+08  -0.432020E+00   0.814006E+07   0.813944E+07   0.334848E+02
   0.678367E-02   0.162885E+08   0.162814E+08  -0.136120E+05   0.954955E+04   0.122710E+08   0.162694E+08   0.162874E+08   0.162694E+08  -0.423800E+00   0.798442E+07   0.798381E+07   0.300564E+02
   0.749371E-02   0.159463E+08   0.159384E+08  -0.108139E+05   0.776988E+04   0.116282E+08   0.159257E+08   0.159450E+08   0.159257E+08  -0.414847E+00   0.781512E+07   0.781451E+07   0.270480E+02
   0.827807E-02   0.155751E+08   0.155662E+08  -0.784422E+04   0.673020E+04   0.109629E+08   0.155530E+08   0.155737E+08   0.155530E+08  -0.405139E+00   0.763170E+07   0.763109E+07   0.243466E+02
   0.914454E-02   0.151740E+08   0.151639E+08  -0.599052E+04   0.566929E+04   0.102831E+08   0.151505E+08   0.151724E+08   0.151505E+08  -0.394653E+00   0.743369E+07   0.743309E+07   0.219174E+02
   0.101017E-01   0.147422E+08   0.147307E+08  -0.603244E+04   0.394312E+04   0.958814E+07   0.147173E+08   0.147404E+08   0.147173E+08  -0.383369E+00   0.722070E+07   0.722010E+07   0.197717E+02
   0.111590E-01   0.142791E+08   0.142659E+08  -0.436614E+04   0.353868E+04   0.887969E+07   0.142528E+08   0.142770E+08   0.142528E+08  -0.371270E+00   0.699235E+07   0.699175E+07   0.178542E+02
   0.123270E-01   0.137839E+08   0.137688E+08  -0.374165E+04   0.279792E+04   0.816531E+07   0.137564E+08   0.137816E+08   0.137564E+08  -0.358338E+00   0.674825E+07   0.674765E+07   0.161577E+02
   0.136173E-01   0.132562E+08   0.132389E+08  -0.265934E+04   0.218156E+04   0.745288E+07   0.132275E+08   0.132535E+08   0.132275E+08  -0.344562E+00   0.648816E+07   0.648756E+07   0.146507E+02
   0.150426E-01   0.126958E+08   0.126759E+08  -0.233464E+04   0.177596E+04   0.674748E+07   0.126660E+08   0.126927E+08   0.126660E+08  -0.329935E+00   0.621183E+07   0.621123E+07   0.133144E+02
   0.166171E-01   0.121028E+08   0.120800E+08  -0.183555E+04   0.125367E+04   0.605350E+07   0.120721E+08   0.120992E+08   0.120721E+08  -0.314464E+00   0.591933E+07   0.591872E+07   0.121251E+02
   0.183565E-01   0.114959E+08   0.114700E+08  -0.137502E+04   0.107195E+04   0.538880E+07   0.114645E+08   0.114919E+08   0.114645E+08  -0.298637E+00   0.561981E+07   0.561920E+07   0.110714E+02
   0.202778E-01   0.108446E+08   0.108152E+08  -0.119504E+04   0.853315E+03   0.474225E+07   0.108126E+08   0.108400E+08   0.108126E+08  -0.281657E+00   0.529827E+07   0.529765E+07   0.101079E+02
   0.224003E-01   0.101569E+08   0.101239E+08  -0.895169E+03   0.502763E+03   0.412468E+07   0.101247E+08   0.101518E+08   0.101247E+08  -0.263738E+00   0.495881E+07   0.495819E+07   0.921663E+01
   0.247449E-01   0.945632E+07   0.941976E+07  -0.665508E+03   0.422960E+03   0.354943E+07   0.942412E+07   0.945059E+07   0.942412E+07  -0.245488E+00   0.461299E+07   0.461237E+07   0.838355E+01
   0.273350E-01   0.874853E+07   0.870866E+07  -0.547855E+03   0.350436E+03   0.302115E+07   0.871662E+07   0.874228E+07   0.871662E+07  -0.227058E+00   0.426470E+07   0.426408E+07   0.758259E+01
   0.301961E-01   0.803186E+07   0.798927E+07  -0.419038E+03   0.287967E+03   0.253978E+07   0.800059E+07   0.802519E+07   0.800058E+07  -0.208406E+00   0.391349E+07   0.391288E+07   0.678873E+01
   0.333567E-01   0.732079E+07   0.727644E+07  -0.291848E+03   0.459162E+03   0.210990E+07   0.729050E+07   0.731384E+07   0.729050E+07  -0.189909E+00   0.357019E+07   0.356959E+07   0.598552E+01
   0.368482E-01   0.664346E+07   0.659874E+07  -0.236141E+03   0.341422E+03   0.173847E+07   0.661448E+07   0.663645E+07   0.661448E+07  -0.172300E+00   0.324466E+07   0.324409E+07   0.516756E+01
   0.407050E-01   0.601224E+07   0.596896E+07  -0.171059E+03   0.253185E+03   0.142272E+07   0.598491E+07   0.600546E+07   0.598491E+07  -0.155900E+00   0.293882E+07   0.293829E+07   0.433505E+01
   0.449656E-01   0.544265E+07   0.540282E+07  -0.123237E+03   0.187818E+03   0.115920E+07   0.541723E+07   0.543641E+07   0.541723E+07  -0.141113E+00   0.266146E+07   0.266098E+07   0.350448E+01
   0.494622E-01   0.496500E+07   0.493027E+07  -0.109536E+03   0.141606E+03   0.951561E+06   0.494158E+07   0.495956E+07   0.494158E+07  -0.128723E+00   0.242836E+07   0.242796E+07   0.274117E+01
   0.539588E-01   0.458768E+07   0.455874E+07  -0.823222E+02   0.109958E+03   0.795406E+06   0.456616E+07   0.458315E+07   0.456616E+07  -0.118943E+00   0.224413E+07   0.224379E+07   0.210659E+01
   0.584553E-01   0.428299E+07   0.425972E+07  -0.486453E+02   0.874816E+02   0.675072E+06   0.426318E+07   0.427935E+07   0.426318E+07  -0.111051E+00   0.209536E+07   0.209508E+07   0.160649E+01
   0.629519E-01   0.402533E+07   0.400692E+07  -0.467569E+02   0.709021E+02   0.579418E+06   0.400700E+07   0.402244E+07   0.400700E+07  -0.104378E+00   0.196953E+07   0.196930E+07   0.123690E+01
   0.674484E-01   0.379381E+07   0.377902E+07  -0.420223E+02   0.582175E+02   0.500795E+06   0.377674E+07   0.379150E+07   0.377674E+07  -0.983797E-01   0.185641E+07   0.185621E+07   0.984492E+00
   0.719450E-01   0.357379E+07   0.356118E+07  -0.337584E+02   0.482031E+02   0.434260E+06   0.355774E+07   0.357182E+07   0.355774E+07  -0.926752E-01   0.174881E+07   0.174863E+07   0.828693E+00
   0.764416E-01   0.336273E+07   0.335095E+07  -0.152155E+02   0.401774E+02   0.377446E+06   0.334750E+07   0.336088E+07   0.334750E+07  -0.871987E-01   0.164550E+07   0.164533E+07   0.745812E+00
   0.809381E-01   0.314796E+07   0.313594E+07  -0.150854E+02   0.335467E+02   0.327416E+06   0.313343E+07   0.314607E+07   0.313343E+07  -0.816223E-01   0.154030E+07   0.154013E+07   0.708593E+00
   0.854347E-01   0.293684E+07   0.292392E+07  -0.582038E+01   0.280866E+02   0.283877E+06   0.292293E+07   0.293482E+07   0.292293E+07  -0.761389E-01   0.143685E+07   0.143668E+07   0.694951E+00
   0.899313E-01   0.273454E+07   0.272048E+07  -0.144796E+02   0.235993E+02   0.246316E+06   0.272118E+07   0.273233E+07   0.272118E+07  -0.708838E-01   0.133770E+07   0.133752E+07   0.686428E+00
   0.944278E-01   0.254701E+07   0.253199E+07  -0.161288E+01   0.199350E+02   0.214341E+06   0.253421E+07   0.254466E+07   0.253421E+07  -0.660132E-01   0.124581E+07   0.124562E+07   0.670351E+00
   0.101114E+00   0.230603E+07   0.229046E+07  -0.750699E+01   0.157387E+02   0.176165E+06   0.229405E+07   0.230359E+07   0.229405E+07  -0.597574E-01   0.112777E+07   0.112758E+07   0.619611E+00
   0.107801E+00   0.211676E+07   0.210203E+07  -0.735513E+01   0.127099E+02   0.147503E+06   0.210563E+07   0.211446E+07   0.210563E+07  -0.548494E-01   0.103516E+07   0.103499E+07   0.537511E+00
   0.114487E+00   0.197506E+07   0.196229E+07  -0.600025E+01   0.105151E+02   0.126092E+06   0.196477E+07   0.197306E+07   0.196477E+07  -0.511801E-01   0.965923E+06   0.965772E+06   0.439274E+00
   0.121173E+00   0.186715E+07   0.185682E+07  -0.551981E+01   0.887517E+01   0.109644E+06   0.185766E+07   0.186553E+07   0.185766E+07  -0.483899E-01   0.913270E+06   0.913145E+06   0.345202E+00
   0.127860E+00   0.177569E+07   0.176754E+07  -0.547678E+01   0.758183E+01   0.962525E+05   0.176688E+07   0.177441E+07   0.176688E+07  -0.460253E-01   0.868650E+06   0.868546E+06   0.271422E+00
   0.134546E+00   0.168604E+07   0.167930E+07  -0.276781E+01   0.650190E+01   0.846335E+05   0.167780E+07   0.168498E+07   0.167780E+07  -0.437049E-01   0.824862E+06   0.824772E+06   0.224938E+00
   0.141232E+00   0.159047E+07   0.158421E+07  -0.270316E+01   0.556644E+01   0.741470E+05   0.158270E+07   0.158949E+07   0.158270E+07  -0.412274E-01   0.778111E+06   0.778025E+06   0.203331E+00
   0.147919E+00   0.148902E+07   0.148250E+07  -0.383245E+01   0.475055E+01   0.646432E+05   0.148162E+07   0.148800E+07   0.148162E+07  -0.385945E-01   0.728424E+06   0.728336E+06   0.197837E+00
   0.154605E+00   0.138738E+07   0.138027E+07  -0.296619E+01   0.405123E+01   0.562289E+05   0.138030E+07   0.138627E+07   0.138030E+07  -0.359553E-01   0.678620E+06   0.678528E+06   0.197805E+00
   0.161291E+00   0.129324E+07   0.128565E+07  -0.104961E+01   0.346933E+01   0.490473E+05   0.128648E+07   0.129205E+07   0.128648E+07  -0.335113E-01   0.632497E+06   0.632403E+06   0.194652E+00
   0.167978E+00   0.121269E+07   0.120502E+07  -0.119164E+01   0.299919E+01   0.431354E+05   0.120625E+07   0.121149E+07   0.120625E+07  -0.314215E-01   0.593057E+06   0.592964E+06   0.184070E+00
   0.174664E+00   0.114799E+07   0.114071E+07  -0.117185E+01   0.262594E+01   0.383786E+05   0.114188E+07   0.114685E+07   0.114188E+07  -0.297446E-01   0.561410E+06   0.561322E+06   0.166233E+00
   0.181351E+00   0.109721E+07   0.109069E+07  -0.843274E+00   0.232827E+01   0.345440E+05   0.109142E+07   0.109619E+07   0.109142E+07  -0.284304E-01   0.536606E+06   0.536528E+06   0.144446E+00
   0.188037E+00   0.105553E+07   0.104991E+07  -0.114719E+01   0.208358E+01   0.313534E+05   0.105006E+07   0.105465E+07   0.105006E+07  -0.273529E-01   0.516272E+06   0.516202E+06   0.123094E+00
   0.194723E+00   0.101737E+07   0.101253E+07  -0.154544E+01   0.187286E+01   0.285595E+05   0.101218E+07   0.101661E+07   0.101218E+07  -0.263661E-01   0.497647E+06   0.497585E+06   0.105781E+00
   0.201410E+00   0.978328E+06   0.973986E+06  -0.835174E+00   0.168348E+01   0.259949E+05   0.973380E+06   0.977648E+06   0.973380E+06  -0.253554E-01   0.478572E+06   0.478516E+06   0.942165E-01
   0.208096E+00   0.936450E+06   0.932291E+06  -0.197765E+00   0.150953E+01   0.235857E+05   0.931707E+06   0.935799E+06   0.931707E+06  -0.242699E-01   0.458085E+06   0.458030E+06   0.880522E-01
   0.214782E+00   0.892288E+06   0.888067E+06  -0.453374E+00   0.135012E+01   0.213317E+05   0.887723E+06   0.891626E+06   0.887723E+06  -0.231242E-01   0.436462E+06   0.436407E+06   0.854685E-01
   0.221469E+00   0.848128E+06   0.843743E+06  -0.545462E+00   0.120690E+01   0.192712E+05   0.843726E+06   0.847441E+06   0.843726E+06  -0.219781E-01   0.414832E+06   0.414776E+06   0.841245E-01
   0.228155E+00   0.806748E+06   0.802242E+06  -0.319866E+00   0.108165E+01   0.174448E+05   0.802505E+06   0.806043E+06   0.802505E+06  -0.209044E-01   0.394567E+06   0.394510E+06   0.820557E-01
   0.234841E+00   0.770255E+06   0.765765E+06  -0.418619E+00   0.974709E+00   0.158700E+05   0.766171E+06   0.769551E+06   0.766171E+06  -0.199579E-01   0.376703E+06   0.376648E+06   0.782256E-01
   0.241528E+00   0.739392E+06   0.735085E+06  -0.476852E+00   0.884568E+00   0.145326E+05   0.735469E+06   0.738718E+06   0.735469E+06  -0.191581E-01   0.361609E+06   0.361556E+06   0.726304E-01
   0.248214E+00   0.713483E+06   0.709481E+06  -0.197395E+00   0.808232E+00   0.133927E+05   0.709719E+06   0.712856E+06   0.709719E+06  -0.184874E-01   0.348949E+06   0.348900E+06   0.660285E-01
   0.254901E+00   0.690879E+06   0.687227E+06  -0.185301E+00   0.742143E+00   0.123981E+05   0.687266E+06   0.690307E+06   0.687266E+06  -0.179025E-01   0.337910E+06   0.337864E+06   0.594809E-01
   0.261587E+00   0.669674E+06   0.666335E+06  -0.453489E+00   0.683092E+00   0.115005E+05   0.666201E+06   0.669151E+06   0.666201E+06  -0.173538E-01   0.327553E+06   0.327510E+06   0.539011E-01
   0.268273E+00   0.648373E+06   0.645253E+06  -0.490153E+00   0.628824E+00   0.106655E+05   0.645026E+06   0.647884E+06   0.645026E+06  -0.168022E-01   0.317142E+06   0.317102E+06   0.497661E-01
   0.274960E+00   0.626291E+06   0.623281E+06  -0.306561E+00   0.578227E+00   0.987681E+04   0.623056E+06   0.625819E+06   0.623056E+06  -0.162299E-01   0.306341E+06   0.306302E+06   0.470467E-01
   0.281646E+00   0.603596E+06   0.600610E+06  -0.299343E+00   0.531116E+00   0.913346E+04   0.600464E+06   0.603128E+06   0.600464E+06  -0.156414E-01   0.295233E+06   0.295195E+06   0.453269E-01
   0.288332E+00   0.581051E+06   0.578049E+06  -0.265713E+00   0.487823E+00   0.844321E+04   0.578014E+06   0.580580E+06   0.578014E+06  -0.150566E-01   0.284196E+06   0.284158E+06   0.440276E-01
   0.295019E+00   0.559602E+06   0.556594E+06  -0.143913E+00   0.448747E+00   0.781490E+04   0.556658E+06   0.559131E+06   0.556658E+06  -0.145003E-01   0.273696E+06   0.273658E+06   0.426339E-01
   0.301705E+00   0.539991E+06   0.537019E+06  -0.170485E+00   0.414032E+00   0.725300E+04   0.537138E+06   0.539526E+06   0.537138E+06  -0.139918E-01   0.264099E+06   0.264062E+06   0.408472E-01
   0.308391E+00   0.522512E+06   0.519631E+06  -0.279426E+00   0.383446E+00   0.675525E+04   0.519750E+06   0.522061E+06   0.519750E+06  -0.135389E-01   0.255550E+06   0.255514E+06   0.386301E-01
   0.315078E+00   0.506976E+06   0.504228E+06  -0.217939E+00   0.356426E+00   0.631336E+04   0.504302E+06   0.506546E+06   0.504302E+06  -0.131365E-01   0.247955E+06   0.247920E+06   0.361522E-01
   0.321764E+00   0.492848E+06   0.490251E+06  -0.123317E+00   0.332251E+00   0.591582E+04   0.490259E+06   0.492442E+06   0.490259E+06  -0.127707E-01   0.241050E+06   0.241018E+06   0.336805E-01
   0.328451E+00   0.479482E+06   0.477026E+06  -0.138216E+00   0.310221E+00   0.555119E+04   0.476973E+06   0.479097E+06   0.476973E+06  -0.124246E-01   0.234518E+06   0.234487E+06   0.314619E-01
   0.335137E+00   0.466344E+06   0.463998E+06  -0.149897E+00   0.289805E+00   0.521076E+04   0.463910E+06   0.465976E+06   0.463910E+06  -0.120843E-01   0.228095E+06   0.228065E+06   0.296414E-01
   0.341823E+00   0.453157E+06   0.450884E+06  -0.107908E+00   0.270702E+00   0.488973E+04   0.450792E+06   0.452801E+06   0.450792E+06  -0.117426E-01   0.221645E+06   0.221617E+06   0.282328E-01
   0.348510E+00   0.439931E+06   0.437699E+06  -0.127241E+00   0.252811E+00   0.458685E+04   0.437630E+06   0.439581E+06   0.437630E+06  -0.113998E-01   0.215174E+06   0.215146E+06   0.271416E-01
   0.355196E+00   0.426889E+06   0.424682E+06  -0.145996E+00   0.236164E+00   0.430310E+04   0.424650E+06   0.426544E+06   0.424650E+06  -0.110616E-01   0.208792E+06   0.208764E+06   0.262186E-01
   0.361882E+00   0.414338E+06   0.412155E+06  -0.858378E-01   0.220825E+00   0.404013E+04   0.412157E+06   0.413996E+06   0.412157E+06  -0.107362E-01   0.202650E+06   0.202623E+06   0.253203E-01
   0.368569E+00   0.402534E+06   0.400387E+06  -0.481061E-01   0.206819E+00   0.379887E+04   0.400411E+06   0.402198E+06   0.400411E+06  -0.104303E-01   0.196875E+06   0.196848E+06   0.243534E-01
   0.375255E+00   0.391599E+06   0.389504E+06  -0.788009E-01   0.194094E+00   0.357873E+04   0.389532E+06   0.391271E+06   0.389532E+06  -0.101469E-01   0.191526E+06   0.191500E+06   0.232927E-01
   0.381941E+00   0.381492E+06   0.379464E+06  -0.916269E-01   0.182523E+00   0.337776E+04   0.379480E+06   0.381174E+06   0.379480E+06  -0.988501E-02   0.186584E+06   0.186558E+06   0.221719E-01
   0.388628E+00   0.372049E+06   0.370096E+06  -0.773187E-01   0.171934E+00   0.319309E+04   0.370090E+06   0.371743E+06   0.370090E+06  -0.964043E-02   0.181967E+06   0.181943E+06   0.210576E-01
   0.395314E+00   0.363054E+06   0.361172E+06  -0.863974E-01   0.162152E+00   0.302172E+04   0.361146E+06   0.362760E+06   0.361146E+06  -0.940744E-02   0.177570E+06   0.177546E+06   0.200177E-01
   0.402000E+00   0.354316E+06   0.352496E+06  -0.886990E-01   0.153030E+00   0.286116E+04   0.352456E+06   0.354031E+06   0.352456E+06  -0.918108E-02   0.173297E+06   0.173274E+06   0.190975E-01
   0.408687E+00   0.345718E+06   0.343946E+06  -0.603774E-01   0.144470E+00   0.270974E+04   0.343903E+06   0.345440E+06   0.343903E+06  -0.895828E-02   0.169092E+06   0.169069E+06   0.183080E-01
   0.415373E+00   0.337235E+06   0.335501E+06  -0.540453E-01   0.136425E+00   0.256673E+04   0.335464E+06   0.336963E+06   0.335464E+06  -0.873844E-02   0.164942E+06   0.164920E+06   0.176292E-01
   0.422060E+00   0.328922E+06   0.327218E+06  -0.740939E-01   0.128878E+00   0.243200E+04   0.327192E+06   0.328655E+06   0.327192E+06  -0.852298E-02   0.160875E+06   0.160854E+06   0.170227E-01
   0.428746E+00   0.320870E+06   0.319194E+06  -0.704533E-01   0.121832E+00   0.230566E+04   0.319180E+06   0.320607E+06   0.319180E+06  -0.831426E-02   0.156936E+06   0.156915E+06   0.164476E-01
   0.435432E+00   0.313162E+06   0.311517E+06  -0.543741E-01   0.115281E+00   0.218777E+04   0.311511E+06   0.312905E+06   0.311511E+06  -0.811451E-02   0.153165E+06   0.153145E+06   0.158738E-01
   0.442119E+00   0.305847E+06   0.304236E+06  -0.535374E-01   0.109208E+00   0.207813E+04   0.304233E+06   0.305595E+06   0.304233E+06  -0.792494E-02   0.149587E+06   0.149567E+06   0.152888E-01
   0.448805E+00   0.298920E+06   0.297348E+06  -0.509311E-01   0.103578E+00   0.197615E+04   0.297343E+06   0.298673E+06   0.297343E+06  -0.774544E-02   0.146199E+06   0.146179E+06   0.146969E-01
   0.455491E+00   0.292332E+06   0.290802E+06  -0.396664E-01   0.983438E-01   0.188105E+04   0.290791E+06   0.292092E+06   0.290791E+06  -0.757477E-02   0.142978E+06   0.142958E+06   0.141137E-01
   0.462178E+00   0.286014E+06   0.284525E+06  -0.422129E-01   0.934549E-01   0.179193E+04   0.284507E+06   0.285781E+06   0.284507E+06  -0.741109E-02   0.139888E+06   0.139869E+06   0.135574E-01
   0.641729E+00   0.171390E+06   0.170498E+06  -0.121990E-01   0.290479E-01   0.582940E+03   0.170485E+06   0.171250E+06   0.170485E+06  -0.444093E-02   0.838255E+05   0.838142E+05   0.588615E-02
   0.895605E+00   0.100417E+06   0.998948E+05   0.873793E-02   0.873793E-02   0.180853E+03   0.998862E+05   0.100335E+06   0.998862E+05  -0.260192E-02   0.491128E+05   0.491061E+05   0.250119E-02
   0.124992E+01   0.581029E+05   0.578006E+05   0.259578E-02   0.259578E-02   0.548153E+02   0.577954E+05   0.580556E+05   0.577954E+05  -0.150551E-02   0.284174E+05   0.284134E+05   0.105932E-02
   0.174440E+01   0.332620E+05   0.330888E+05   0.762936E-03   0.762936E-03   0.163159E+02   0.330858E+05   0.332348E+05   0.330858E+05  -0.861849E-03   0.162680E+05   0.162656E+05   0.452674E-03
   0.243451E+01   0.188666E+05   0.187681E+05   0.222179E-03   0.222179E-03   0.478789E+01   0.187666E+05   0.188511E+05   0.187666E+05  -0.488849E-03   0.922736E+04   0.922591E+04   0.198440E-03
