#           k/h    P           
 0.99999997E-04 0.24430655E+03
 0.10202013E-03 0.24916045E+03
 0.10408108E-03 0.25411540E+03
 0.10618366E-03 0.25917380E+03
 0.10832871E-03 0.26433807E+03
 0.11051710E-03 0.26961072E+03
 0.11274968E-03 0.27499432E+03
 0.11502737E-03 0.28049152E+03
 0.11735109E-03 0.28610504E+03
 0.11972173E-03 0.29183774E+03
 0.12214028E-03 0.29769250E+03
 0.12460767E-03 0.30367230E+03
 0.12712492E-03 0.30978021E+03
 0.12969300E-03 0.31601941E+03
 0.13231297E-03 0.32239319E+03
 0.13498588E-03 0.32890488E+03
 0.13771278E-03 0.33555801E+03
 0.14049475E-03 0.34235614E+03
 0.14333293E-03 0.34930295E+03
 0.14622846E-03 0.35640228E+03
 0.14918247E-03 0.36365808E+03
 0.15219615E-03 0.37107443E+03
 0.15527071E-03 0.37865552E+03
 0.15840739E-03 0.38640567E+03
 0.16160744E-03 0.39432938E+03
 0.16487212E-03 0.40243127E+03
 0.16820275E-03 0.41071613E+03
 0.17160067E-03 0.41918881E+03
 0.17506724E-03 0.42785449E+03
 0.17860383E-03 0.43671835E+03
 0.18221186E-03 0.44578589E+03
 0.18589280E-03 0.45506265E+03
 0.18964807E-03 0.46455447E+03
 0.19347922E-03 0.47426730E+03
 0.19738778E-03 0.48420734E+03
 0.20137527E-03 0.49438092E+03
 0.20544330E-03 0.50479474E+03
 0.20959355E-03 0.51545551E+03
 0.21382760E-03 0.52637030E+03
 0.21814722E-03 0.53754633E+03
 0.22255408E-03 0.54899103E+03
 0.22704997E-03 0.56071222E+03
 0.23163669E-03 0.57271777E+03
 0.23631606E-03 0.58501593E+03
 0.24108996E-03 0.59761517E+03
 0.24596031E-03 0.61052423E+03
 0.25092901E-03 0.62375208E+03
 0.25599814E-03 0.63730804E+03
 0.26116965E-03 0.65120166E+03
 0.26644560E-03 0.66544275E+03
 0.27182818E-03 0.68004144E+03
 0.27731949E-03 0.69500806E+03
 0.28292168E-03 0.71035352E+03
 0.28863709E-03 0.72608868E+03
 0.29446793E-03 0.74222485E+03
 0.30041661E-03 0.75877362E+03
 0.30648540E-03 0.77574689E+03
 0.31267683E-03 0.79315698E+03
 0.31899329E-03 0.81101642E+03
 0.32543740E-03 0.82933795E+03
 0.33201167E-03 0.84813458E+03
 0.33871876E-03 0.86741974E+03
 0.34556136E-03 0.88720746E+03
 0.35254212E-03 0.90751160E+03
 0.35966394E-03 0.92834637E+03
 0.36692963E-03 0.94972632E+03
 0.37434211E-03 0.97166638E+03
 0.38190430E-03 0.99418188E+03
 0.38961932E-03 0.10172883E+04
 0.39749016E-03 0.10410010E+04
 0.40552000E-03 0.10653357E+04
 0.41371203E-03 0.10903087E+04
 0.42206954E-03 0.11159365E+04
 0.43059592E-03 0.11422357E+04
 0.43929456E-03 0.11692228E+04
 0.44816890E-03 0.11969144E+04
 0.45722249E-03 0.12253279E+04
 0.46645897E-03 0.12544806E+04
 0.47588209E-03 0.12843898E+04
 0.48549555E-03 0.13150726E+04
 0.49530319E-03 0.13465466E+04
 0.50530903E-03 0.13788293E+04
 0.51551696E-03 0.14119385E+04
 0.52593107E-03 0.14458920E+04
 0.53655554E-03 0.14807069E+04
 0.54739468E-03 0.15164010E+04
 0.55845280E-03 0.15529917E+04
 0.56973431E-03 0.15904969E+04
 0.58124372E-03 0.16289340E+04
 0.59298560E-03 0.16683201E+04
 0.60496473E-03 0.17086722E+04
 0.61718578E-03 0.17500078E+04
 0.62965375E-03 0.17923436E+04
 0.64237369E-03 0.18356967E+04
 0.65535045E-03 0.18800833E+04
 0.66858943E-03 0.19255201E+04
 0.68209582E-03 0.19720232E+04
 0.69587503E-03 0.20196084E+04
 0.70993265E-03 0.20682917E+04
 0.72427420E-03 0.21180886E+04
 0.73890563E-03 0.21690144E+04
 0.75383246E-03 0.22210840E+04
 0.76906086E-03 0.22743120E+04
 0.78459689E-03 0.23287129E+04
 0.80044678E-03 0.23843013E+04
 0.81661687E-03 0.24410908E+04
 0.83311368E-03 0.24990955E+04
 0.84994361E-03 0.25583281E+04
 0.86711359E-03 0.26188022E+04
 0.88463066E-03 0.26805310E+04
 0.90250134E-03 0.27435273E+04
 0.92073303E-03 0.28078032E+04
 0.93933311E-03 0.28733708E+04
 0.95830887E-03 0.29402419E+04
 0.97766798E-03 0.30084287E+04
 0.99741819E-03 0.30779426E+04
 0.10175674E-02 0.31487949E+04
 0.10381236E-02 0.32209961E+04
 0.10590950E-02 0.32945571E+04
 0.10804901E-02 0.33694890E+04
 0.11023175E-02 0.34458025E+04
 0.11245857E-02 0.35235076E+04
 0.11473041E-02 0.36026138E+04
 0.11704812E-02 0.36831313E+04
 0.11941264E-02 0.37650703E+04
 0.12182494E-02 0.38484409E+04
 0.12428596E-02 0.39332517E+04
 0.12679670E-02 0.40195117E+04
 0.12935817E-02 0.41072305E+04
 0.13197137E-02 0.41964175E+04
 0.13463736E-02 0.42870815E+04
 0.13735722E-02 0.43792319E+04
 0.14013201E-02 0.44728765E+04
 0.14296286E-02 0.45680239E+04
 0.14585090E-02 0.46646836E+04
 0.14879731E-02 0.47628638E+04
 0.15180323E-02 0.48625728E+04
 0.15486985E-02 0.49638179E+04
 0.15799842E-02 0.50666079E+04
 0.16119020E-02 0.51709512E+04
 0.16444647E-02 0.52768545E+04
 0.16776850E-02 0.53843262E+04
 0.17115764E-02 0.54933730E+04
 0.17461524E-02 0.56040020E+04
 0.17814270E-02 0.57162197E+04
 0.18174142E-02 0.58300332E+04
 0.18541284E-02 0.59454473E+04
 0.18915841E-02 0.60624678E+04
 0.19297971E-02 0.61811006E+04
 0.19687817E-02 0.63013516E+04
 0.20085536E-02 0.64232256E+04
 0.20491290E-02 0.65467275E+04
 0.20905242E-02 0.66718613E+04
 0.21327557E-02 0.67986245E+04
 0.21758399E-02 0.69270122E+04
 0.22197948E-02 0.70570195E+04
 0.22646377E-02 0.71886392E+04
 0.23103864E-02 0.73218643E+04
 0.23570592E-02 0.74566938E+04
 0.24046749E-02 0.75931279E+04
 0.24532524E-02 0.77311670E+04
 0.25028118E-02 0.78708105E+04
 0.25533722E-02 0.80120571E+04
 0.26049537E-02 0.81549043E+04
 0.26575772E-02 0.82993477E+04
 0.27112637E-02 0.84453838E+04
 0.27660348E-02 0.85930068E+04
 0.28219123E-02 0.87422109E+04
 0.28789188E-02 0.88929883E+04
 0.29370766E-02 0.90453291E+04
 0.29964095E-02 0.91992207E+04
 0.30569409E-02 0.93546543E+04
 0.31186952E-02 0.95116152E+04
 0.31816978E-02 0.96700889E+04
 0.32459723E-02 0.98300566E+04
 0.33115451E-02 0.99915010E+04
 0.33784427E-02 0.10154402E+05
 0.34466919E-02 0.10318738E+05
 0.35163197E-02 0.10484485E+05
 0.35873537E-02 0.10651616E+05
 0.36598232E-02 0.10820103E+05
 0.37337563E-02 0.10989914E+05
 0.38091831E-02 0.11161021E+05
 0.38861334E-02 0.11333388E+05
 0.39646388E-02 0.11506980E+05
 0.40447293E-02 0.11681762E+05
 0.41264393E-02 0.11857692E+05
 0.42097992E-02 0.12034732E+05
 0.42948425E-02 0.12212832E+05
 0.43816040E-02 0.12391937E+05
 0.44701183E-02 0.12571993E+05
 0.45604203E-02 0.12752943E+05
 0.46525472E-02 0.12934729E+05
 0.47465344E-02 0.13117289E+05
 0.48424210E-02 0.13300565E+05
 0.49402444E-02 0.13484495E+05
 0.50400435E-02 0.13669013E+05
 0.51418589E-02 0.13854054E+05
 0.52457317E-02 0.14039559E+05
 0.53517036E-02 0.14225467E+05
 0.54598148E-02 0.14411719E+05
 0.55701104E-02 0.14598251E+05
 0.56826337E-02 0.14784989E+05
 0.57974309E-02 0.14971825E+05
 0.59145465E-02 0.15158643E+05
 0.60340283E-02 0.15345321E+05
 0.61559235E-02 0.15531737E+05
 0.62802811E-02 0.15717771E+05
 0.64071510E-02 0.15903325E+05
 0.65365843E-02 0.16088309E+05
 0.66686315E-02 0.16272623E+05
 0.68033468E-02 0.16456172E+05
 0.69407835E-02 0.16638852E+05
 0.70809964E-02 0.16820535E+05
 0.72240415E-02 0.17001094E+05
 0.73699774E-02 0.17180395E+05
 0.75188605E-02 0.17358303E+05
 0.76707508E-02 0.17534680E+05
 0.78257136E-02 0.17709381E+05
 0.79838037E-02 0.17882264E+05
 0.81450874E-02 0.18053178E+05
 0.83096288E-02 0.18221975E+05
 0.84774951E-02 0.18388498E+05
 0.86487513E-02 0.18552590E+05
 0.88234674E-02 0.18714084E+05
 0.90017123E-02 0.18872818E+05
 0.91835596E-02 0.19028625E+05
 0.93690790E-02 0.19181334E+05
 0.95583471E-02 0.19330764E+05
 0.97514391E-02 0.19476732E+05
 0.99484306E-02 0.19619061E+05
 0.10149402E-01 0.19757561E+05
 0.10354433E-01 0.19892049E+05
 0.10563606E-01 0.20022328E+05
 0.10777006E-01 0.20148207E+05
 0.10994715E-01 0.20269488E+05
 0.11216822E-01 0.20385980E+05
 0.11443418E-01 0.20497475E+05
 0.11674589E-01 0.20603748E+05
 0.11910431E-01 0.20704568E+05
 0.12151038E-01 0.20799709E+05
 0.12396505E-01 0.20888943E+05
 0.12646930E-01 0.20972082E+05
 0.12902415E-01 0.21048986E+05
 0.13163067E-01 0.21119531E+05
 0.13428980E-01 0.21183598E+05
 0.13700262E-01 0.21241066E+05
 0.13977026E-01 0.21291662E+05
 0.14259379E-01 0.21334842E+05
 0.14547437E-01 0.21370031E+05
 0.14841316E-01 0.21396672E+05
 0.15141129E-01 0.21414213E+05
 0.15447001E-01 0.21422744E+05
 0.15759049E-01 0.21423357E+05
 0.16077405E-01 0.21417236E+05
 0.16402189E-01 0.21405576E+05
 0.16733535E-01 0.21389545E+05
 0.17071573E-01 0.21369086E+05
 0.17416442E-01 0.21342311E+05
 0.17768279E-01 0.21307197E+05
 0.18127220E-01 0.21261750E+05
 0.18493414E-01 0.21204016E+05
 0.18867005E-01 0.21132971E+05
 0.19248145E-01 0.21048863E+05
 0.19636983E-01 0.20952053E+05
 0.20033674E-01 0.20842916E+05
 0.20438381E-01 0.20721857E+05
 0.20851264E-01 0.20589461E+05
 0.21272486E-01 0.20446539E+05
 0.21702228E-01 0.20293922E+05
 0.22140643E-01 0.20132432E+05
 0.22587912E-01 0.19962877E+05
 0.23044219E-01 0.19785742E+05
 0.23509743E-01 0.19601117E+05
 0.23984671E-01 0.19409082E+05
 0.24469191E-01 0.19209736E+05
 0.24963502E-01 0.19003178E+05
 0.25467798E-01 0.18789336E+05
 0.25982281E-01 0.18567939E+05
 0.26507158E-01 0.18338736E+05
 0.27042639E-01 0.18101518E+05
 0.27588934E-01 0.17856117E+05
 0.28146267E-01 0.17602678E+05
 0.28714858E-01 0.17341652E+05
 0.29294936E-01 0.17073520E+05
 0.29886734E-01 0.16798758E+05
 0.30490484E-01 0.16517877E+05
 0.31106433E-01 0.16231923E+05
 0.31734824E-01 0.15942452E+05
 0.32375909E-01 0.15650965E+05
 0.33029947E-01 0.15358874E+05
 0.33697195E-01 0.15067485E+05
 0.34377921E-01 0.14777543E+05
 0.35072401E-01 0.14489295E+05
 0.35780910E-01 0.14202956E+05
 0.36503751E-01 0.13918729E+05
 0.37241172E-01 0.13636821E+05
 0.37993494E-01 0.13357754E+05
 0.38761012E-01 0.13082298E+05
 0.39544035E-01 0.12811174E+05
 0.40342879E-01 0.12545041E+05
 0.41157857E-01 0.12284501E+05
 0.41989300E-01 0.12030107E+05
 0.42837542E-01 0.11782365E+05
 0.43702915E-01 0.11541729E+05
 0.44585772E-01 0.11308610E+05
 0.45486465E-01 0.11083369E+05
 0.46405349E-01 0.10866262E+05
 0.47342800E-01 0.10657460E+05
 0.48299186E-01 0.10457113E+05
 0.49274892E-01 0.10265349E+05
 0.50270312E-01 0.10082239E+05
 0.51285837E-01 0.99075645E+04
 0.52321881E-01 0.97409951E+04
 0.53378850E-01 0.95822168E+04
 0.54457176E-01 0.94309248E+04
 0.55557281E-01 0.92865332E+04
 0.56679614E-01 0.91481602E+04
 0.57824615E-01 0.90149609E+04
 0.58992747E-01 0.88861289E+04
 0.60184479E-01 0.87607383E+04
 0.61400317E-01 0.86377285E+04
 0.62640682E-01 0.85160859E+04
 0.63906111E-01 0.83947773E+04
 0.65197095E-01 0.82721758E+04
 0.66514164E-01 0.81464219E+04
 0.67857832E-01 0.80157905E+04
 0.69228657E-01 0.78796641E+04
 0.70627168E-01 0.77391099E+04
 0.72053924E-01 0.75953018E+04
 0.73509507E-01 0.74482402E+04
 0.74994497E-01 0.72944741E+04
 0.76509491E-01 0.71302021E+04
 0.78055084E-01 0.69532061E+04
 0.79631895E-01 0.67655625E+04
 0.81240565E-01 0.65701235E+04
 0.82881734E-01 0.63690815E+04
 0.84556051E-01 0.61634160E+04
 0.86264193E-01 0.59539741E+04
 0.88006847E-01 0.57423350E+04
 0.89784704E-01 0.55307007E+04
 0.91598473E-01 0.53211392E+04
 0.93448877E-01 0.51158345E+04
 0.95336676E-01 0.49167852E+04
 0.97262599E-01 0.47259121E+04
 0.99227436E-01 0.45450532E+04
 0.10123201E+00 0.43757412E+04
 0.10327702E+00 0.42191284E+04
 0.10536335E+00 0.40758096E+04
 0.10749183E+00 0.39461963E+04
 0.10966332E+00 0.38304666E+04
 0.11187866E+00 0.37277717E+04
 0.11413875E+00 0.36369971E+04
 0.11644451E+00 0.35569885E+04
 0.11879683E+00 0.34856375E+04
 0.12119669E+00 0.34206089E+04
 0.12364503E+00 0.33595942E+04
 0.12614281E+00 0.32998479E+04
 0.12869108E+00 0.32386743E+04
 0.13129081E+00 0.31736709E+04
 0.13394305E+00 0.31027927E+04
 0.13664888E+00 0.30243401E+04
 0.13940936E+00 0.29376350E+04
 0.14222562E+00 0.28425774E+04
 0.14509876E+00 0.27399160E+04
 0.14802995E+00 0.26314272E+04
 0.15102035E+00 0.25191763E+04
 0.15407117E+00 0.24060840E+04
 0.15718360E+00 0.22949719E+04
 0.16035892E+00 0.21887285E+04
 0.16359837E+00 0.20899036E+04
 0.16690327E+00 0.20003381E+04
 0.17027503E+00 0.19213218E+04
 0.17371480E+00 0.18530631E+04
 0.17722408E+00 0.17951113E+04
 0.18080424E+00 0.17459739E+04
 0.18445672E+00 0.17036223E+04
 0.18818299E+00 0.16653821E+04
 0.19198453E+00 0.16284421E+04
 0.19586287E+00 0.15900524E+04
 0.19981956E+00 0.15479652E+04
 0.20385619E+00 0.15007336E+04
 0.20797436E+00 0.14479923E+04
 0.21217570E+00 0.13903690E+04
 0.21646193E+00 0.13295897E+04
 0.22083476E+00 0.12679434E+04
 0.22529592E+00 0.12080033E+04
 0.22984719E+00 0.11521053E+04
 0.23449039E+00 0.11019492E+04
 0.23922741E+00 0.10583871E+04
 0.24406013E+00 0.10212132E+04
 0.24899045E+00 0.98932477E+03
 0.25402039E+00 0.96092987E+03
 0.25915194E+00 0.93387799E+03
 0.26438716E+00 0.90616028E+03
 0.26972812E+00 0.87633575E+03
 0.27517700E+00 0.84383417E+03
 0.28073606E+00 0.80906506E+03
 0.28640729E+00 0.77325720E+03
 0.29219311E+00 0.73805609E+03
 0.29809579E+00 0.70503595E+03
 0.30411756E+00 0.67527032E+03
 0.31026131E+00 0.64906873E+03
 0.31652883E+00 0.62594403E+03
 0.32292327E+00 0.60481458E+03
 0.32944661E+00 0.58437750E+03
 0.33610201E+00 0.56354529E+03
 0.34289157E+00 0.54178851E+03
 0.34981859E+00 0.51926562E+03
 0.35688522E+00 0.49668481E+03
 0.36409497E+00 0.47496127E+03
 0.37145033E+00 0.45482373E+03
 0.37895393E+00 0.43653598E+03
 0.38660949E+00 0.41983957E+03
 0.39441931E+00 0.40411765E+03
 0.40238729E+00 0.38871680E+03
 0.41051584E+00 0.37323123E+03
 0.41880903E+00 0.35766290E+03
 0.42726934E+00 0.34234570E+03
 0.43590093E+00 0.32771188E+03
 0.44470647E+00 0.31403824E+03
 0.45369038E+00 0.30130817E+03
 0.46285531E+00 0.28926550E+03
 0.47220579E+00 0.27763110E+03
 0.48174477E+00 0.26635800E+03
 0.49147689E+00 0.25544659E+03
 0.50140512E+00 0.24489615E+03
 0.51153439E+00 0.23470474E+03
 0.52186781E+00 0.22486951E+03
 0.53241050E+00 0.21538661E+03
 0.54316562E+00 0.20625140E+03
 0.55413854E+00 0.19745853E+03
 0.56533259E+00 0.18900195E+03
 0.57675338E+00 0.18087511E+03
 0.58840430E+00 0.17307089E+03
 0.60029107E+00 0.16558183E+03
 0.61241806E+00 0.15840009E+03
 0.62478942E+00 0.15151753E+03
 0.63741124E+00 0.14492581E+03
 0.65028751E+00 0.13861623E+03
 0.66342449E+00 0.13257768E+03
 0.67682624E+00 0.12679806E+03
 0.69049937E+00 0.12126579E+03
 0.70444804E+00 0.11596987E+03
 0.71867913E+00 0.11089985E+03
 0.73319703E+00 0.10604576E+03
 0.74800897E+00 0.10139812E+03
 0.76311934E+00 0.96947922E+02
 0.77853578E+00 0.92686546E+02
 0.79426283E+00 0.88605820E+02
 0.81030840E+00 0.84697937E+02
 0.82667732E+00 0.80955452E+02
 0.84337759E+00 0.77371277E+02
 0.86041462E+00 0.73938644E+02
 0.87779653E+00 0.70651115E+02
 0.89552867E+00 0.67502518E+02
 0.91362000E+00 0.64487076E+02
 0.93207598E+00 0.61599575E+02
 0.95090556E+00 0.58835068E+02
 0.97011465E+00 0.56188774E+02
 0.98971266E+00 0.53656059E+02
 0.10097067E+01 0.51232449E+02
 0.10301036E+01 0.48913620E+02
 0.10509136E+01 0.46695389E+02
 0.10721428E+01 0.44573723E+02
 0.10938021E+01 0.42544727E+02
 0.11158978E+01 0.40604645E+02
 0.11384410E+01 0.38749847E+02
 0.11614385E+01 0.36976841E+02
 0.11849015E+01 0.35282253E+02
 0.12088375E+01 0.33662838E+02
 0.12332582E+01 0.32115471E+02
 0.12581712E+01 0.30637135E+02
 0.12835884E+01 0.29224890E+02
 0.13095180E+01 0.27875854E+02
 0.13359727E+01 0.26587261E+02
 0.13629605E+01 0.25356464E+02
 0.13904947E+01 0.24180933E+02
 0.14185839E+01 0.23058245E+02
 0.14472418E+01 0.21986082E+02
 0.14764773E+01 0.20962227E+02
 0.15063047E+01 0.19984558E+02
 0.15367334E+01 0.19051043E+02
 0.15677782E+01 0.18159742E+02
 0.15994486E+01 0.17308796E+02
 0.16317604E+01 0.16496426E+02
 0.16647232E+01 0.15720929E+02
 0.16983536E+01 0.14980681E+02
 0.17326634E+01 0.14274124E+02
 0.17676648E+01 0.13599771E+02
 0.18033748E+01 0.12956244E+02
 0.18398044E+01 0.12342247E+02
 0.18769718E+01 0.11756528E+02
 0.19148883E+01 0.11197879E+02
 0.19535724E+01 0.10665139E+02
 0.19930363E+01 0.10157188E+02
 0.20332992E+01 0.96729469E+01
 0.20743735E+01 0.92113800E+01
 0.21162796E+01 0.87714872E+01
 0.21590302E+01 0.83523111E+01
 0.22026465E+01 0.79529285E+01
 0.22471418E+01 0.75724549E+01
 0.22925382E+01 0.72100396E+01
 0.23388493E+01 0.68648667E+01
 0.23860984E+01 0.65361533E+01
 0.24342995E+01 0.62231488E+01
