#           k/h    P           
 0.99999997E-04 0.29916644E+03
 0.10202013E-03 0.30515875E+03
 0.10408108E-03 0.31127844E+03
 0.10618366E-03 0.31752863E+03
 0.10832871E-03 0.32391248E+03
 0.11051710E-03 0.33043332E+03
 0.11274968E-03 0.33709454E+03
 0.11502737E-03 0.34389960E+03
 0.11735109E-03 0.35085211E+03
 0.11972173E-03 0.35795581E+03
 0.12214028E-03 0.36521454E+03
 0.12460767E-03 0.37263220E+03
 0.12712492E-03 0.38021289E+03
 0.12969300E-03 0.38796078E+03
 0.13231297E-03 0.39588025E+03
 0.13498588E-03 0.40397574E+03
 0.13771278E-03 0.41225189E+03
 0.14049475E-03 0.42071338E+03
 0.14333293E-03 0.42936517E+03
 0.14622846E-03 0.43821231E+03
 0.14918247E-03 0.44726004E+03
 0.15219615E-03 0.45651373E+03
 0.15527071E-03 0.46597894E+03
 0.15840739E-03 0.47566141E+03
 0.16160744E-03 0.48556705E+03
 0.16487212E-03 0.49570200E+03
 0.16820275E-03 0.50607251E+03
 0.17160067E-03 0.51668506E+03
 0.17506724E-03 0.52754639E+03
 0.17860383E-03 0.53866339E+03
 0.18221186E-03 0.55004321E+03
 0.18589280E-03 0.56169305E+03
 0.18964807E-03 0.57362067E+03
 0.19347922E-03 0.58583374E+03
 0.19738778E-03 0.59834027E+03
 0.20137527E-03 0.61114856E+03
 0.20544330E-03 0.62426709E+03
 0.20959355E-03 0.63770459E+03
 0.21382760E-03 0.65147021E+03
 0.21814722E-03 0.66557300E+03
 0.22255408E-03 0.68002264E+03
 0.22704997E-03 0.69482874E+03
 0.23163669E-03 0.71000153E+03
 0.23631606E-03 0.72555133E+03
 0.24108996E-03 0.74148859E+03
 0.24596031E-03 0.75782416E+03
 0.25092901E-03 0.77456915E+03
 0.25599814E-03 0.79173511E+03
 0.26116965E-03 0.80933368E+03
 0.26644560E-03 0.82737671E+03
 0.27182818E-03 0.84587628E+03
 0.27731949E-03 0.86484497E+03
 0.28292168E-03 0.88429559E+03
 0.28863709E-03 0.90424121E+03
 0.29446793E-03 0.92469489E+03
 0.30041661E-03 0.94567004E+03
 0.30648540E-03 0.96718054E+03
 0.31267683E-03 0.98924048E+03
 0.31899329E-03 0.10118641E+04
 0.32543740E-03 0.10350657E+04
 0.33201167E-03 0.10588597E+04
 0.33871876E-03 0.10832612E+04
 0.34556136E-03 0.11082853E+04
 0.35254212E-03 0.11339471E+04
 0.35966394E-03 0.11602621E+04
 0.36692963E-03 0.11872455E+04
 0.37434211E-03 0.12149131E+04
 0.38190430E-03 0.12432808E+04
 0.38961932E-03 0.12723646E+04
 0.39749016E-03 0.13021804E+04
 0.40552000E-03 0.13327441E+04
 0.41371203E-03 0.13640720E+04
 0.42206954E-03 0.13961805E+04
 0.43059592E-03 0.14290858E+04
 0.43929456E-03 0.14628042E+04
 0.44816890E-03 0.14973517E+04
 0.45722249E-03 0.15327445E+04
 0.46645897E-03 0.15689993E+04
 0.47588209E-03 0.16061320E+04
 0.48549555E-03 0.16441586E+04
 0.49530319E-03 0.16830953E+04
 0.50530903E-03 0.17229583E+04
 0.51551696E-03 0.17637633E+04
 0.52593107E-03 0.18055262E+04
 0.53655554E-03 0.18482628E+04
 0.54739468E-03 0.18919886E+04
 0.55845280E-03 0.19367191E+04
 0.56973431E-03 0.19824694E+04
 0.58124372E-03 0.20292549E+04
 0.59298560E-03 0.20770906E+04
 0.60496473E-03 0.21259917E+04
 0.61718578E-03 0.21759727E+04
 0.62965375E-03 0.22270483E+04
 0.64237369E-03 0.22792327E+04
 0.65535045E-03 0.23325405E+04
 0.66858943E-03 0.23869863E+04
 0.68209582E-03 0.24425837E+04
 0.69587503E-03 0.24993467E+04
 0.70993265E-03 0.25572886E+04
 0.72427420E-03 0.26164238E+04
 0.73890563E-03 0.26767661E+04
 0.75383246E-03 0.27383286E+04
 0.76906086E-03 0.28011245E+04
 0.78459689E-03 0.28651670E+04
 0.80044678E-03 0.29304700E+04
 0.81661687E-03 0.29970469E+04
 0.83311368E-03 0.30649106E+04
 0.84994361E-03 0.31340737E+04
 0.86711359E-03 0.32045496E+04
 0.88463066E-03 0.32763513E+04
 0.90250134E-03 0.33494927E+04
 0.92073303E-03 0.34239861E+04
 0.93933311E-03 0.34998442E+04
 0.95830887E-03 0.35770801E+04
 0.97766798E-03 0.36557075E+04
 0.99741819E-03 0.37357400E+04
 0.10175674E-02 0.38171904E+04
 0.10381236E-02 0.39000715E+04
 0.10590950E-02 0.39843970E+04
 0.10804901E-02 0.40701802E+04
 0.11023175E-02 0.41574346E+04
 0.11245857E-02 0.42461738E+04
 0.11473041E-02 0.43364102E+04
 0.11704812E-02 0.44281572E+04
 0.11941264E-02 0.45214292E+04
 0.12182494E-02 0.46162397E+04
 0.12428596E-02 0.47126021E+04
 0.12679670E-02 0.48105293E+04
 0.12935817E-02 0.49100356E+04
 0.13197137E-02 0.50111343E+04
 0.13463736E-02 0.51138389E+04
 0.13735722E-02 0.52181636E+04
 0.14013201E-02 0.53241211E+04
 0.14296286E-02 0.54317251E+04
 0.14585090E-02 0.55409883E+04
 0.14879731E-02 0.56519248E+04
 0.15180323E-02 0.57645474E+04
 0.15486985E-02 0.58788682E+04
 0.15799842E-02 0.59949009E+04
 0.16119020E-02 0.61126567E+04
 0.16444647E-02 0.62321494E+04
 0.16776850E-02 0.63533901E+04
 0.17115764E-02 0.64763906E+04
 0.17461524E-02 0.66011626E+04
 0.17814270E-02 0.67277168E+04
 0.18174142E-02 0.68560640E+04
 0.18541284E-02 0.69862139E+04
 0.18915841E-02 0.71181763E+04
 0.19297971E-02 0.72519609E+04
 0.19687817E-02 0.73875762E+04
 0.20085536E-02 0.75250293E+04
 0.20491290E-02 0.76643281E+04
 0.20905242E-02 0.78054800E+04
 0.21327557E-02 0.79484907E+04
 0.21758399E-02 0.80933662E+04
 0.22197948E-02 0.82401123E+04
 0.22646377E-02 0.83887324E+04
 0.23103864E-02 0.85392305E+04
 0.23570592E-02 0.86916084E+04
 0.24046749E-02 0.88458672E+04
 0.24532524E-02 0.90020049E+04
 0.25028118E-02 0.91600225E+04
 0.25533722E-02 0.93199160E+04
 0.26049537E-02 0.94816826E+04
 0.26575772E-02 0.96453154E+04
 0.27112637E-02 0.98108105E+04
 0.27660348E-02 0.99781602E+04
 0.28219123E-02 0.10147355E+05
 0.28789188E-02 0.10318386E+05
 0.29370766E-02 0.10491240E+05
 0.29964095E-02 0.10665906E+05
 0.30569409E-02 0.10842368E+05
 0.31186952E-02 0.11020611E+05
 0.31816978E-02 0.11200616E+05
 0.32459723E-02 0.11382364E+05
 0.33115451E-02 0.11565834E+05
 0.33784427E-02 0.11751001E+05
 0.34466919E-02 0.11937841E+05
 0.35163197E-02 0.12126326E+05
 0.35873537E-02 0.12316427E+05
 0.36598232E-02 0.12508112E+05
 0.37337563E-02 0.12701349E+05
 0.38091831E-02 0.12896100E+05
 0.38861334E-02 0.13092328E+05
 0.39646388E-02 0.13289990E+05
 0.40447293E-02 0.13489044E+05
 0.41264393E-02 0.13689442E+05
 0.42097992E-02 0.13891138E+05
 0.42948425E-02 0.14094080E+05
 0.43816040E-02 0.14298215E+05
 0.44701183E-02 0.14503488E+05
 0.45604203E-02 0.14709843E+05
 0.46525472E-02 0.14917217E+05
 0.47465344E-02 0.15125541E+05
 0.48424210E-02 0.15334743E+05
 0.49402444E-02 0.15544745E+05
 0.50400435E-02 0.15755470E+05
 0.51418589E-02 0.15966840E+05
 0.52457317E-02 0.16178784E+05
 0.53517036E-02 0.16391234E+05
 0.54598148E-02 0.16604119E+05
 0.55701104E-02 0.16817367E+05
 0.56826337E-02 0.17030891E+05
 0.57974309E-02 0.17244570E+05
 0.59145465E-02 0.17458273E+05
 0.60340283E-02 0.17671865E+05
 0.61559235E-02 0.17885205E+05
 0.62802811E-02 0.18098158E+05
 0.64071510E-02 0.18310615E+05
 0.65365843E-02 0.18522469E+05
 0.66686315E-02 0.18733607E+05
 0.68033468E-02 0.18943922E+05
 0.69407835E-02 0.19153289E+05
 0.70809964E-02 0.19361568E+05
 0.72240415E-02 0.19568615E+05
 0.73699774E-02 0.19774275E+05
 0.75188605E-02 0.19978398E+05
 0.76707508E-02 0.20180828E+05
 0.78257136E-02 0.20381400E+05
 0.79838037E-02 0.20579949E+05
 0.81450874E-02 0.20776309E+05
 0.83096288E-02 0.20970307E+05
 0.84774951E-02 0.21161770E+05
 0.86487513E-02 0.21350514E+05
 0.88234674E-02 0.21536355E+05
 0.90017123E-02 0.21719107E+05
 0.91835596E-02 0.21898582E+05
 0.93690790E-02 0.22074584E+05
 0.95583471E-02 0.22246908E+05
 0.97514391E-02 0.22415348E+05
 0.99484306E-02 0.22579689E+05
 0.10149402E-01 0.22739727E+05
 0.10354433E-01 0.22895244E+05
 0.10563606E-01 0.23046025E+05
 0.10777006E-01 0.23191848E+05
 0.10994715E-01 0.23332494E+05
 0.11216822E-01 0.23467744E+05
 0.11443418E-01 0.23597361E+05
 0.11674589E-01 0.23721078E+05
 0.11910431E-01 0.23838619E+05
 0.12151038E-01 0.23949715E+05
 0.12396505E-01 0.24054092E+05
 0.12646930E-01 0.24151529E+05
 0.12902415E-01 0.24241877E+05
 0.13163067E-01 0.24325004E+05
 0.13428980E-01 0.24400783E+05
 0.13700262E-01 0.24469086E+05
 0.13977026E-01 0.24529600E+05
 0.14259379E-01 0.24581684E+05
 0.14547437E-01 0.24624670E+05
 0.14841316E-01 0.24657893E+05
 0.15141129E-01 0.24680707E+05
 0.15447001E-01 0.24693205E+05
 0.15759049E-01 0.24696635E+05
 0.16077405E-01 0.24692359E+05
 0.16402189E-01 0.24681746E+05
 0.16733535E-01 0.24666141E+05
 0.17071573E-01 0.24645469E+05
 0.17416442E-01 0.24617543E+05
 0.17768279E-01 0.24580023E+05
 0.18127220E-01 0.24530588E+05
 0.18493414E-01 0.24466979E+05
 0.18867005E-01 0.24388000E+05
 0.19248145E-01 0.24293920E+05
 0.19636983E-01 0.24185145E+05
 0.20033674E-01 0.24062096E+05
 0.20438381E-01 0.23925227E+05
 0.20851264E-01 0.23775199E+05
 0.21272486E-01 0.23612945E+05
 0.21702228E-01 0.23439410E+05
 0.22140643E-01 0.23255537E+05
 0.22587912E-01 0.23062256E+05
 0.23044219E-01 0.22860113E+05
 0.23509743E-01 0.22649213E+05
 0.23984671E-01 0.22429645E+05
 0.24469191E-01 0.22201512E+05
 0.24963502E-01 0.21964934E+05
 0.25467798E-01 0.21719824E+05
 0.25982281E-01 0.21465885E+05
 0.26507158E-01 0.21202834E+05
 0.27042639E-01 0.20930439E+05
 0.27588934E-01 0.20648520E+05
 0.28146267E-01 0.20357250E+05
 0.28714858E-01 0.20057164E+05
 0.29294936E-01 0.19748826E+05
 0.29886734E-01 0.19432801E+05
 0.30490484E-01 0.19109680E+05
 0.31106433E-01 0.18780541E+05
 0.31734824E-01 0.18446930E+05
 0.32375909E-01 0.18110342E+05
 0.33029947E-01 0.17772186E+05
 0.33697195E-01 0.17433779E+05
 0.34377921E-01 0.17095986E+05
 0.35072401E-01 0.16759279E+05
 0.35780910E-01 0.16424080E+05
 0.36503751E-01 0.16090794E+05
 0.37241172E-01 0.15759819E+05
 0.37993494E-01 0.15431896E+05
 0.38761012E-01 0.15108041E+05
 0.39544035E-01 0.14789199E+05
 0.40342879E-01 0.14476236E+05
 0.41157857E-01 0.14169938E+05
 0.41989300E-01 0.13871006E+05
 0.42837542E-01 0.13580055E+05
 0.43702915E-01 0.13297641E+05
 0.44585772E-01 0.13024260E+05
 0.45486465E-01 0.12760350E+05
 0.46405349E-01 0.12506205E+05
 0.47342800E-01 0.12262005E+05
 0.48299186E-01 0.12027902E+05
 0.49274892E-01 0.11804027E+05
 0.50270312E-01 0.11590446E+05
 0.51285837E-01 0.11386881E+05
 0.52321881E-01 0.11192928E+05
 0.53378850E-01 0.11008201E+05
 0.54457176E-01 0.10832329E+05
 0.55557281E-01 0.10664614E+05
 0.56679614E-01 0.10504024E+05
 0.57824615E-01 0.10349568E+05
 0.58992747E-01 0.10200303E+05
 0.60184479E-01 0.10055145E+05
 0.61400317E-01 0.99128623E+04
 0.62640682E-01 0.97722812E+04
 0.63906111E-01 0.96322012E+04
 0.65197095E-01 0.94907432E+04
 0.66514164E-01 0.93457666E+04
 0.67857832E-01 0.91952822E+04
 0.69228657E-01 0.90385742E+04
 0.70627168E-01 0.88768594E+04
 0.72053924E-01 0.87114756E+04
 0.73509507E-01 0.85424180E+04
 0.74994497E-01 0.83657236E+04
 0.76509491E-01 0.81770259E+04
 0.78055084E-01 0.79737793E+04
 0.79631895E-01 0.77583613E+04
 0.81240565E-01 0.75340386E+04
 0.82881734E-01 0.73033218E+04
 0.84556051E-01 0.70673306E+04
 0.86264193E-01 0.68270332E+04
 0.88006847E-01 0.65842383E+04
 0.89784704E-01 0.63414678E+04
 0.91598473E-01 0.61010913E+04
 0.93448877E-01 0.58656104E+04
 0.95336676E-01 0.56373149E+04
 0.97262599E-01 0.54184058E+04
 0.99227436E-01 0.52109883E+04
 0.10123201E+00 0.50168174E+04
 0.10327702E+00 0.48372139E+04
 0.10536335E+00 0.46728574E+04
 0.10749183E+00 0.45242197E+04
 0.10966332E+00 0.43915039E+04
 0.11187866E+00 0.42737358E+04
 0.11413875E+00 0.41696372E+04
 0.11644451E+00 0.40778845E+04
 0.11879683E+00 0.39960593E+04
 0.12119669E+00 0.39214849E+04
 0.12364503E+00 0.38515134E+04
 0.12614281E+00 0.37829980E+04
 0.12869108E+00 0.37128477E+04
 0.13129081E+00 0.36383086E+04
 0.13394305E+00 0.35570361E+04
 0.13664888E+00 0.34670815E+04
 0.13940936E+00 0.33676677E+04
 0.14222562E+00 0.32586802E+04
 0.14509876E+00 0.31409775E+04
 0.14802995E+00 0.30165959E+04
 0.15102035E+00 0.28879023E+04
 0.15407117E+00 0.27582456E+04
 0.15718360E+00 0.26308606E+04
 0.16035892E+00 0.25090581E+04
 0.16359837E+00 0.23957605E+04
 0.16690327E+00 0.22930786E+04
 0.17027503E+00 0.22024905E+04
 0.17371480E+00 0.21242354E+04
 0.17722408E+00 0.20577961E+04
 0.18080424E+00 0.20014615E+04
 0.18445672E+00 0.19529059E+04
 0.18818299E+00 0.19090636E+04
 0.19198453E+00 0.18667130E+04
 0.19586287E+00 0.18227007E+04
 0.19981956E+00 0.17744500E+04
 0.20385619E+00 0.17203025E+04
 0.20797436E+00 0.16598397E+04
 0.21217570E+00 0.15937811E+04
 0.21646193E+00 0.15241056E+04
 0.22083476E+00 0.14534369E+04
 0.22529592E+00 0.13847242E+04
 0.22984719E+00 0.13206451E+04
 0.23449039E+00 0.12631484E+04
 0.23922741E+00 0.12132109E+04
 0.24406013E+00 0.11705962E+04
 0.24899045E+00 0.11340403E+04
 0.25402039E+00 0.11014893E+04
 0.25915194E+00 0.10704780E+04
 0.26438716E+00 0.10387037E+04
 0.26972812E+00 0.10045147E+04
 0.27517700E+00 0.96725726E+03
 0.28073606E+00 0.92740045E+03
 0.28640729E+00 0.88635339E+03
 0.29219311E+00 0.84600208E+03
 0.29809579E+00 0.80815112E+03
 0.30411756E+00 0.77403076E+03
 0.31026131E+00 0.74399561E+03
 0.31652883E+00 0.71748773E+03
 0.32292327E+00 0.69326660E+03
 0.32944661E+00 0.66983966E+03
 0.33610201E+00 0.64595978E+03
 0.34289157E+00 0.62102008E+03
 0.34981859E+00 0.59520258E+03
 0.35688522E+00 0.56931879E+03
 0.36409497E+00 0.54441754E+03
 0.37145033E+00 0.52133441E+03
 0.37895393E+00 0.50037170E+03
 0.38660949E+00 0.48123294E+03
 0.39441931E+00 0.46321146E+03
 0.40238729E+00 0.44555786E+03
 0.41051584E+00 0.42780746E+03
 0.41880903E+00 0.40996210E+03
 0.42726934E+00 0.39240457E+03
 0.43590093E+00 0.37563058E+03
 0.44470647E+00 0.35995712E+03
 0.45369038E+00 0.34536526E+03
 0.46285531E+00 0.33156137E+03
 0.47220579E+00 0.31822540E+03
 0.48174477E+00 0.30530362E+03
 0.49147689E+00 0.29279645E+03
 0.50140512E+00 0.28070306E+03
 0.51153439E+00 0.26902127E+03
 0.52186781E+00 0.25774774E+03
 0.53241050E+00 0.24687811E+03
 0.54316562E+00 0.23640706E+03
 0.55413854E+00 0.22632840E+03
 0.56533259E+00 0.21663524E+03
 0.57675338E+00 0.20732004E+03
 0.58840430E+00 0.19837466E+03
 0.60029107E+00 0.18979054E+03
 0.61241806E+00 0.18155870E+03
 0.62478942E+00 0.17366980E+03
 0.63741124E+00 0.16611427E+03
 0.65028751E+00 0.15888214E+03
 0.66342449E+00 0.15196069E+03
 0.67682624E+00 0.14533604E+03
 0.69049937E+00 0.13899490E+03
 0.70444804E+00 0.13292470E+03
 0.71867913E+00 0.12711341E+03
 0.73319703E+00 0.12154963E+03
 0.74800897E+00 0.11622250E+03
 0.76311934E+00 0.11112166E+03
 0.77853578E+00 0.10623726E+03
 0.79426283E+00 0.10155992E+03
 0.81030840E+00 0.97080688E+02
 0.82667732E+00 0.92791046E+02
 0.84337759E+00 0.88682854E+02
 0.86041462E+00 0.84748367E+02
 0.87779653E+00 0.80980194E+02
 0.89552867E+00 0.77371262E+02
 0.91362000E+00 0.73914948E+02
 0.93207598E+00 0.70605286E+02
 0.95090556E+00 0.67436600E+02
 0.97011465E+00 0.64403404E+02
 0.98971266E+00 0.61500393E+02
 0.10097067E+01 0.58722443E+02
 0.10301036E+01 0.56064587E+02
 0.10509136E+01 0.53522041E+02
 0.10721428E+01 0.51090179E+02
 0.10938021E+01 0.48764538E+02
 0.11158978E+01 0.46540810E+02
 0.11384410E+01 0.44414837E+02
 0.11614385E+01 0.42382610E+02
 0.11849015E+01 0.40440273E+02
 0.12088375E+01 0.38584099E+02
 0.12332582E+01 0.36810505E+02
 0.12581712E+01 0.35116039E+02
 0.12835884E+01 0.33497326E+02
 0.13095180E+01 0.31951065E+02
 0.13359727E+01 0.30474085E+02
 0.13629605E+01 0.29063351E+02
 0.13904947E+01 0.27715963E+02
 0.14185839E+01 0.26429144E+02
 0.14472418E+01 0.25200235E+02
 0.14764773E+01 0.24026699E+02
 0.15063047E+01 0.22906101E+02
 0.15367334E+01 0.21836113E+02
 0.15677782E+01 0.20814510E+02
 0.15994486E+01 0.19839161E+02
 0.16317604E+01 0.18908030E+02
 0.16647232E+01 0.18019163E+02
 0.16983536E+01 0.17170696E+02
 0.17326634E+01 0.16360847E+02
 0.17676648E+01 0.15587909E+02
 0.18033748E+01 0.14850305E+02
 0.18398044E+01 0.14146546E+02
 0.18769718E+01 0.13475200E+02
 0.19148883E+01 0.12834882E+02
 0.19535724E+01 0.12224260E+02
 0.19930363E+01 0.11642052E+02
 0.20332992E+01 0.11087019E+02
 0.20743735E+01 0.10557975E+02
 0.21162796E+01 0.10053775E+02
 0.21590302E+01 0.95733185E+01
 0.22026465E+01 0.91155510E+01
 0.22471418E+01 0.86794558E+01
 0.22925382E+01 0.82640591E+01
 0.23388493E+01 0.78684249E+01
 0.23860984E+01 0.74916573E+01
 0.24342995E+01 0.71328945E+01
