#          k/h    CDM            baryon         photon         nu             mass_nu        total          no_nu          total_de       Weyl           v_CDM          v_b            v_b-v_c     
   0.105040E-04   0.198399E+08   0.198399E+08   0.264394E+08   0.264390E+08   0.198422E+08   0.198399E+08   0.198399E+08   0.198476E+08  -0.472959E+00   0.104651E+08   0.104651E+08   0.576960E+01
   0.116035E-04   0.198399E+08   0.198399E+08   0.264363E+08   0.264359E+08   0.198421E+08   0.198399E+08   0.198399E+08   0.198476E+08  -0.472959E+00   0.104651E+08   0.104651E+08   0.637330E+01
   0.128180E-04   0.198399E+08   0.198399E+08   0.264326E+08   0.264321E+08   0.198421E+08   0.198399E+08   0.198399E+08   0.198476E+08  -0.472958E+00   0.104650E+08   0.104650E+08   0.704012E+01
   0.141597E-04   0.198399E+08   0.198399E+08   0.264281E+08   0.264274E+08   0.198421E+08   0.198399E+08   0.198399E+08   0.198476E+08  -0.472958E+00   0.104650E+08   0.104650E+08   0.777665E+01
   0.156418E-04   0.198399E+08   0.198399E+08   0.264225E+08   0.264217E+08   0.198421E+08   0.198399E+08   0.198399E+08   0.198476E+08  -0.472958E+00   0.104650E+08   0.104650E+08   0.859015E+01
   0.172790E-04   0.198398E+08   0.198398E+08   0.264158E+08   0.264148E+08   0.198420E+08   0.198399E+08   0.198398E+08   0.198476E+08  -0.472957E+00   0.104650E+08   0.104650E+08   0.948862E+01
   0.190876E-04   0.198398E+08   0.198398E+08   0.264075E+08   0.264063E+08   0.198420E+08   0.198398E+08   0.198398E+08   0.198476E+08  -0.472957E+00   0.104650E+08   0.104650E+08   0.104809E+02
   0.210855E-04   0.198398E+08   0.198398E+08   0.263975E+08   0.263960E+08   0.198420E+08   0.198398E+08   0.198398E+08   0.198475E+08  -0.472956E+00   0.104650E+08   0.104650E+08   0.115768E+02
   0.232925E-04   0.198398E+08   0.198398E+08   0.263852E+08   0.263834E+08   0.198419E+08   0.198398E+08   0.198398E+08   0.198475E+08  -0.472955E+00   0.104650E+08   0.104650E+08   0.127869E+02
   0.257305E-04   0.198398E+08   0.198398E+08   0.263703E+08   0.263680E+08   0.198418E+08   0.198398E+08   0.198398E+08   0.198475E+08  -0.472955E+00   0.104650E+08   0.104650E+08   0.141231E+02
   0.284237E-04   0.198397E+08   0.198397E+08   0.263520E+08   0.263493E+08   0.198417E+08   0.198397E+08   0.198397E+08   0.198474E+08  -0.472953E+00   0.104650E+08   0.104650E+08   0.155985E+02
   0.313988E-04   0.198397E+08   0.198397E+08   0.263298E+08   0.263265E+08   0.198416E+08   0.198397E+08   0.198397E+08   0.198474E+08  -0.472952E+00   0.104649E+08   0.104649E+08   0.172273E+02
   0.346853E-04   0.198396E+08   0.198396E+08   0.263027E+08   0.262986E+08   0.198415E+08   0.198396E+08   0.198396E+08   0.198473E+08  -0.472950E+00   0.104649E+08   0.104649E+08   0.190251E+02
   0.383158E-04   0.198395E+08   0.198395E+08   0.262696E+08   0.262647E+08   0.198413E+08   0.198396E+08   0.198395E+08   0.198472E+08  -0.472948E+00   0.104649E+08   0.104649E+08   0.210094E+02
   0.423263E-04   0.198395E+08   0.198395E+08   0.262293E+08   0.262233E+08   0.198411E+08   0.198395E+08   0.198395E+08   0.198471E+08  -0.472946E+00   0.104648E+08   0.104648E+08   0.231989E+02
   0.467566E-04   0.198394E+08   0.198393E+08   0.261802E+08   0.261729E+08   0.198409E+08   0.198394E+08   0.198394E+08   0.198470E+08  -0.472943E+00   0.104648E+08   0.104648E+08   0.256142E+02
   0.516506E-04   0.198392E+08   0.198392E+08   0.261204E+08   0.261115E+08   0.198406E+08   0.198392E+08   0.198392E+08   0.198469E+08  -0.472939E+00   0.104647E+08   0.104647E+08   0.282778E+02
   0.570568E-04   0.198391E+08   0.198391E+08   0.260476E+08   0.260367E+08   0.198402E+08   0.198391E+08   0.198391E+08   0.198467E+08  -0.472934E+00   0.104646E+08   0.104646E+08   0.312142E+02
   0.630290E-04   0.198389E+08   0.198389E+08   0.259590E+08   0.259458E+08   0.198398E+08   0.198389E+08   0.198389E+08   0.198465E+08  -0.472929E+00   0.104645E+08   0.104645E+08   0.344498E+02
   0.696262E-04   0.198387E+08   0.198386E+08   0.258513E+08   0.258352E+08   0.198393E+08   0.198387E+08   0.198387E+08   0.198462E+08  -0.472922E+00   0.104644E+08   0.104644E+08   0.380132E+02
   0.769139E-04   0.198384E+08   0.198384E+08   0.257204E+08   0.257008E+08   0.198386E+08   0.198384E+08   0.198384E+08   0.198459E+08  -0.472914E+00   0.104643E+08   0.104642E+08   0.419349E+02
   0.849645E-04   0.198381E+08   0.198380E+08   0.255614E+08   0.255377E+08   0.198378E+08   0.198381E+08   0.198381E+08   0.198455E+08  -0.472904E+00   0.104641E+08   0.104641E+08   0.462474E+02
   0.938577E-04   0.198377E+08   0.198376E+08   0.253687E+08   0.253400E+08   0.198369E+08   0.198376E+08   0.198376E+08   0.198451E+08  -0.472891E+00   0.104639E+08   0.104638E+08   0.509848E+02
   0.103682E-03   0.198372E+08   0.198371E+08   0.251354E+08   0.251006E+08   0.198357E+08   0.198371E+08   0.198371E+08   0.198445E+08  -0.472876E+00   0.104636E+08   0.104636E+08   0.561825E+02
   0.114534E-03   0.198365E+08   0.198365E+08   0.248533E+08   0.248112E+08   0.198343E+08   0.198365E+08   0.198365E+08   0.198438E+08  -0.472858E+00   0.104633E+08   0.104632E+08   0.618767E+02
   0.126522E-03   0.198358E+08   0.198357E+08   0.245131E+08   0.244622E+08   0.198325E+08   0.198358E+08   0.198358E+08   0.198429E+08  -0.472836E+00   0.104629E+08   0.104628E+08   0.681032E+02
   0.139765E-03   0.198349E+08   0.198348E+08   0.241037E+08   0.240424E+08   0.198304E+08   0.198349E+08   0.198349E+08   0.198419E+08  -0.472809E+00   0.104624E+08   0.104623E+08   0.748963E+02
   0.154395E-03   0.198338E+08   0.198337E+08   0.236127E+08   0.235391E+08   0.198278E+08   0.198338E+08   0.198338E+08   0.198407E+08  -0.472776E+00   0.104618E+08   0.104617E+08   0.822870E+02
   0.170555E-03   0.198325E+08   0.198323E+08   0.230260E+08   0.229380E+08   0.198246E+08   0.198324E+08   0.198324E+08   0.198391E+08  -0.472736E+00   0.104611E+08   0.104610E+08   0.903004E+02
   0.188407E-03   0.198308E+08   0.198307E+08   0.223284E+08   0.222234E+08   0.198208E+08   0.198308E+08   0.198308E+08   0.198373E+08  -0.472688E+00   0.104602E+08   0.104601E+08   0.989523E+02
   0.208127E-03   0.198289E+08   0.198286E+08   0.215036E+08   0.213792E+08   0.198161E+08   0.198288E+08   0.198288E+08   0.198350E+08  -0.472629E+00   0.104591E+08   0.104590E+08   0.108245E+03
   0.229912E-03   0.198265E+08   0.198262E+08   0.205354E+08   0.203889E+08   0.198104E+08   0.198263E+08   0.198264E+08   0.198323E+08  -0.472559E+00   0.104578E+08   0.104577E+08   0.118163E+03
   0.253977E-03   0.198235E+08   0.198232E+08   0.194088E+08   0.192377E+08   0.198034E+08   0.198234E+08   0.198235E+08   0.198291E+08  -0.472473E+00   0.104562E+08   0.104562E+08   0.128662E+03
   0.280561E-03   0.198200E+08   0.198196E+08   0.181122E+08   0.179142E+08   0.197950E+08   0.198198E+08   0.198199E+08   0.198251E+08  -0.472371E+00   0.104543E+08   0.104542E+08   0.139669E+03
   0.309927E-03   0.198157E+08   0.198153E+08   0.166398E+08   0.164135E+08   0.197847E+08   0.198155E+08   0.198157E+08   0.198204E+08  -0.472247E+00   0.104520E+08   0.104519E+08   0.151062E+03
   0.342367E-03   0.198106E+08   0.198100E+08   0.149955E+08   0.147408E+08   0.197722E+08   0.198103E+08   0.198105E+08   0.198147E+08  -0.472100E+00   0.104493E+08   0.104491E+08   0.162672E+03
   0.378202E-03   0.198043E+08   0.198036E+08   0.131974E+08   0.129160E+08   0.197571E+08   0.198040E+08   0.198042E+08   0.198078E+08  -0.471924E+00   0.104459E+08   0.104457E+08   0.174266E+03
   0.417788E-03   0.197968E+08   0.197960E+08   0.112821E+08   0.109785E+08   0.197389E+08   0.197964E+08   0.197967E+08   0.197997E+08  -0.471714E+00   0.104418E+08   0.104416E+08   0.185540E+03
   0.461518E-03   0.197878E+08   0.197869E+08   0.930896E+07   0.899075E+07   0.197168E+08   0.197874E+08   0.197877E+08   0.197900E+08  -0.471467E+00   0.104370E+08   0.104367E+08   0.196124E+03
   0.509825E-03   0.197770E+08   0.197759E+08   0.736097E+07   0.703967E+07   0.196901E+08   0.197765E+08   0.197769E+08   0.197786E+08  -0.471175E+00   0.104312E+08   0.104309E+08   0.205583E+03
   0.563188E-03   0.197642E+08   0.197629E+08   0.554115E+07   0.523175E+07   0.196581E+08   0.197635E+08   0.197640E+08   0.197651E+08  -0.470834E+00   0.104242E+08   0.104239E+08   0.213436E+03
   0.622137E-03   0.197489E+08   0.197474E+08   0.396024E+07   0.368001E+07   0.196194E+08   0.197481E+08   0.197487E+08   0.197492E+08  -0.470435E+00   0.104160E+08   0.104156E+08   0.219200E+03
   0.687256E-03   0.197309E+08   0.197291E+08   0.271455E+07   0.248033E+07   0.195733E+08   0.197299E+08   0.197306E+08   0.197306E+08  -0.469972E+00   0.104063E+08   0.104058E+08   0.222430E+03
   0.759191E-03   0.197096E+08   0.197075E+08   0.185547E+07   0.167963E+07   0.195181E+08   0.197084E+08   0.197092E+08   0.197089E+08  -0.469435E+00   0.103948E+08   0.103943E+08   0.222793E+03
   0.838655E-03   0.196846E+08   0.196822E+08   0.136014E+07   0.124590E+07   0.194524E+08   0.196832E+08   0.196842E+08   0.196835E+08  -0.468814E+00   0.103813E+08   0.103808E+08   0.220121E+03
   0.926437E-03   0.196553E+08   0.196527E+08   0.112140E+07   0.105963E+07   0.193744E+08   0.196536E+08   0.196549E+08   0.196540E+08  -0.468097E+00   0.103656E+08   0.103650E+08   0.214443E+03
   0.102341E-02   0.196212E+08   0.196184E+08   0.978712E+06   0.949055E+06   0.192822E+08   0.196193E+08   0.196208E+08   0.196195E+08  -0.467269E+00   0.103474E+08   0.103468E+08   0.205984E+03
   0.113053E-02   0.195817E+08   0.195786E+08   0.795738E+06   0.773716E+06   0.191736E+08   0.195794E+08   0.195812E+08   0.195796E+08  -0.466311E+00   0.103263E+08   0.103256E+08   0.195098E+03
   0.124886E-02   0.195358E+08   0.195326E+08   0.546523E+06   0.514642E+06   0.190463E+08   0.195331E+08   0.195353E+08   0.195333E+08  -0.465204E+00   0.103018E+08   0.103011E+08   0.182208E+03
   0.137958E-02   0.194830E+08   0.194796E+08   0.326424E+06   0.281826E+06   0.188983E+08   0.194798E+08   0.194824E+08   0.194799E+08  -0.463928E+00   0.102737E+08   0.102730E+08   0.167784E+03
   0.152398E-02   0.194221E+08   0.194186E+08   0.232847E+06   0.184031E+06   0.187276E+08   0.194184E+08   0.194216E+08   0.194185E+08  -0.462462E+00   0.102413E+08   0.102406E+08   0.152407E+03
   0.168349E-02   0.193523E+08   0.193488E+08   0.220454E+06   0.175628E+06   0.185322E+08   0.193480E+08   0.193517E+08   0.193481E+08  -0.460782E+00   0.102041E+08   0.102034E+08   0.136819E+03
   0.185970E-02   0.192724E+08   0.192689E+08   0.160029E+06   0.120229E+06   0.183103E+08   0.192675E+08   0.192718E+08   0.192675E+08  -0.458861E+00   0.101617E+08   0.101610E+08   0.121842E+03
   0.205435E-02   0.191812E+08   0.191778E+08   0.675926E+05   0.289095E+05   0.180609E+08   0.191757E+08   0.191807E+08   0.191757E+08  -0.456672E+00   0.101133E+08   0.101126E+08   0.108156E+03
   0.226938E-02   0.190777E+08   0.190742E+08   0.559092E+05   0.369717E+05   0.177829E+08   0.190713E+08   0.190771E+08   0.190714E+08  -0.454185E+00   0.100583E+08   0.100577E+08   0.961839E+02
   0.250692E-02   0.189604E+08   0.189569E+08   0.557496E+05   0.112342E+06   0.174760E+08   0.189532E+08   0.189599E+08   0.189532E+08  -0.451371E+00   0.999608E+07   0.999543E+07   0.860990E+02
   0.276932E-02   0.188281E+08   0.188244E+08   0.179921E+05   0.811934E+05   0.171403E+08   0.188200E+08   0.188275E+08   0.188200E+08  -0.448196E+00   0.992589E+07   0.992525E+07   0.777136E+02
   0.305918E-02   0.186794E+08   0.186755E+08   0.240404E+05   0.833077E+05   0.167755E+08   0.186702E+08   0.186788E+08   0.186703E+08  -0.444630E+00   0.984705E+07   0.984640E+07   0.705042E+02
   0.337938E-02   0.185130E+08   0.185089E+08   0.438266E+04   0.620705E+05   0.163814E+08   0.185028E+08   0.185123E+08   0.185028E+08  -0.440641E+00   0.975885E+07   0.975820E+07   0.639202E+02
   0.373310E-02   0.183275E+08   0.183232E+08   0.486879E+04   0.577313E+05   0.159570E+08   0.183162E+08   0.183268E+08   0.183162E+08  -0.436196E+00   0.966058E+07   0.965993E+07   0.576137E+02
   0.412384E-02   0.181216E+08   0.181170E+08  -0.551140E+04   0.405905E+05   0.155014E+08   0.181091E+08   0.181209E+08   0.181091E+08  -0.431265E+00   0.955155E+07   0.955091E+07   0.516422E+02
   0.455549E-02   0.178940E+08   0.178892E+08   0.572265E+03   0.372782E+05   0.150140E+08   0.178804E+08   0.178933E+08   0.178804E+08  -0.425816E+00   0.943108E+07   0.943044E+07   0.462742E+02
   0.503231E-02   0.176435E+08   0.176382E+08   0.206571E+04   0.302281E+05   0.144952E+08   0.176286E+08   0.176427E+08   0.176286E+08  -0.419819E+00   0.929847E+07   0.929784E+07   0.416280E+02
   0.555904E-02   0.173687E+08   0.173630E+08  -0.265286E+04   0.225282E+05   0.139455E+08   0.173525E+08   0.173678E+08   0.173525E+08  -0.413244E+00   0.915308E+07   0.915246E+07   0.375089E+02
   0.614090E-02   0.170690E+08   0.170627E+08  -0.282313E+04   0.176518E+05   0.133411E+08   0.170513E+08   0.170680E+08   0.170513E+08  -0.406072E+00   0.899448E+07   0.899386E+07   0.337023E+02
   0.678367E-02   0.167422E+08   0.167351E+08  -0.413193E+04   0.142080E+05   0.127165E+08   0.167230E+08   0.167410E+08   0.167230E+08  -0.398253E+00   0.882158E+07   0.882096E+07   0.302476E+02
   0.749371E-02   0.163875E+08   0.163796E+08  -0.308175E+04   0.115297E+05   0.120600E+08   0.163668E+08   0.163862E+08   0.163668E+08  -0.389771E+00   0.863399E+07   0.863338E+07   0.272160E+02
   0.827807E-02   0.160039E+08   0.159950E+08  -0.157431E+04   0.975749E+04   0.113808E+08   0.159818E+08   0.160025E+08   0.159818E+08  -0.380600E+00   0.843116E+07   0.843055E+07   0.244943E+02
   0.914454E-02   0.155904E+08   0.155803E+08  -0.113832E+04   0.809820E+04   0.106868E+08   0.155668E+08   0.155888E+08   0.155668E+08  -0.370718E+00   0.821256E+07   0.821195E+07   0.220471E+02
   0.101017E-01   0.151460E+08   0.151345E+08  -0.211900E+04   0.588585E+04   0.997743E+07   0.151211E+08   0.151442E+08   0.151211E+08  -0.360103E+00   0.797774E+07   0.797714E+07   0.198856E+02
   0.111590E-01   0.146701E+08   0.146570E+08  -0.131985E+04   0.508762E+04   0.925405E+07   0.146438E+08   0.146681E+08   0.146438E+08  -0.348736E+00   0.772627E+07   0.772567E+07   0.179539E+02
   0.123270E-01   0.141618E+08   0.141467E+08  -0.130849E+04   0.402606E+04   0.852417E+07   0.141342E+08   0.141595E+08   0.141342E+08  -0.336600E+00   0.745775E+07   0.745715E+07   0.162449E+02
   0.136173E-01   0.136205E+08   0.136032E+08  -0.727647E+03   0.314390E+04   0.779553E+07   0.135917E+08   0.136178E+08   0.135917E+08  -0.323681E+00   0.717185E+07   0.717125E+07   0.147267E+02
   0.150426E-01   0.130458E+08   0.130260E+08  -0.833440E+03   0.252682E+04   0.707320E+07   0.130160E+08   0.130427E+08   0.130160E+08  -0.309970E+00   0.686842E+07   0.686782E+07   0.133806E+02
   0.166171E-01   0.124379E+08   0.124152E+08  -0.672651E+03   0.185600E+04   0.636145E+07   0.124071E+08   0.124344E+08   0.124071E+08  -0.295471E+00   0.654751E+07   0.654690E+07   0.121824E+02
   0.183565E-01   0.118159E+08   0.117899E+08  -0.465063E+03   0.152815E+04   0.567849E+07   0.117843E+08   0.118118E+08   0.117843E+08  -0.280639E+00   0.621918E+07   0.621857E+07   0.111208E+02
   0.202778E-01   0.111480E+08   0.111186E+08  -0.498564E+03   0.120621E+04   0.501232E+07   0.111159E+08   0.111434E+08   0.111159E+08  -0.264721E+00   0.586675E+07   0.586614E+07   0.101502E+02
   0.224003E-01   0.104426E+08   0.104096E+08  -0.361231E+03   0.777134E+03   0.437396E+07   0.104102E+08   0.104374E+08   0.104102E+08  -0.247915E+00   0.549461E+07   0.549399E+07   0.925272E+01
   0.247449E-01   0.972344E+07   0.968689E+07  -0.260703E+03   0.630028E+03   0.377737E+07   0.969107E+07   0.971772E+07   0.969107E+07  -0.230789E+00   0.511535E+07   0.511473E+07   0.841409E+01
   0.273350E-01   0.899664E+07   0.895677E+07  -0.226758E+03   0.513121E+03   0.322748E+07   0.896455E+07   0.899040E+07   0.896455E+07  -0.213487E+00   0.473214E+07   0.473151E+07   0.760827E+01
   0.301961E-01   0.826054E+07   0.821795E+07  -0.176714E+03   0.410669E+03   0.272447E+07   0.822907E+07   0.825387E+07   0.822907E+07  -0.195972E+00   0.434415E+07   0.434353E+07   0.681015E+01
   0.333567E-01   0.752956E+07   0.748521E+07  -0.120855E+03   0.472268E+03   0.227295E+07   0.749907E+07   0.752261E+07   0.749907E+07  -0.178587E+00   0.395900E+07   0.395840E+07   0.600325E+01
   0.368482E-01   0.683092E+07   0.678620E+07  -0.106427E+03   0.351066E+03   0.187899E+07   0.680173E+07   0.682391E+07   0.680173E+07  -0.161981E+00   0.359105E+07   0.359048E+07   0.518207E+01
   0.407050E-01   0.617880E+07   0.613552E+07  -0.749481E+02   0.260207E+03   0.154192E+07   0.615126E+07   0.617202E+07   0.615126E+07  -0.146490E+00   0.324779E+07   0.324726E+07   0.434681E+01
   0.449656E-01   0.559061E+07   0.555077E+07  -0.504074E+02   0.192930E+03   0.126022E+07   0.556497E+07   0.558437E+07   0.556497E+07  -0.132528E+00   0.293839E+07   0.293791E+07   0.351396E+01
   0.494622E-01   0.509798E+07   0.506325E+07  -0.545061E+02   0.145404E+03   0.103838E+07   0.507436E+07   0.509254E+07   0.507436E+07  -0.120844E+00   0.267946E+07   0.267905E+07   0.274890E+01
   0.539588E-01   0.470935E+07   0.468042E+07  -0.396749E+02   0.112877E+03   0.871487E+06   0.468763E+07   0.470482E+07   0.468763E+07  -0.111634E+00   0.247534E+07   0.247500E+07   0.211306E+01
   0.584553E-01   0.439587E+07   0.437260E+07  -0.147387E+02   0.897890E+02   0.742684E+06   0.437585E+07   0.439222E+07   0.437585E+07  -0.104209E+00   0.231078E+07   0.231050E+07   0.161200E+01
   0.629519E-01   0.413098E+07   0.411257E+07  -0.192273E+02   0.727645E+02   0.640004E+06   0.411245E+07   0.412810E+07   0.411245E+07  -0.979364E-01   0.217174E+07   0.217151E+07   0.124166E+01
   0.674484E-01   0.389313E+07   0.387833E+07  -0.194207E+02   0.597425E+02   0.555277E+06   0.387585E+07   0.389081E+07   0.387585E+07  -0.923019E-01   0.204685E+07   0.204665E+07   0.988654E+00
   0.719450E-01   0.366719E+07   0.365457E+07  -0.150418E+02   0.494635E+02   0.483256E+06   0.365094E+07   0.366521E+07   0.365094E+07  -0.869457E-01   0.192812E+07   0.192794E+07   0.832351E+00
   0.764416E-01   0.345050E+07   0.343872E+07   0.188813E+01   0.412266E+02   0.421487E+06   0.343508E+07   0.344866E+07   0.343508E+07  -0.818051E-01   0.181416E+07   0.181399E+07   0.749038E+00
   0.809381E-01   0.323005E+07   0.321804E+07  -0.807723E+00   0.344221E+02   0.366827E+06   0.321533E+07   0.322817E+07   0.321533E+07  -0.765719E-01   0.169814E+07   0.169797E+07   0.711437E+00
   0.854347E-01   0.301338E+07   0.300046E+07   0.613025E+01   0.288191E+02   0.319048E+06   0.299928E+07   0.301136E+07   0.299928E+07  -0.714267E-01   0.158406E+07   0.158389E+07   0.697459E+00
   0.899313E-01   0.280576E+07   0.279171E+07  -0.443448E+01   0.242145E+02   0.277662E+06   0.279223E+07   0.280356E+07   0.279223E+07  -0.664960E-01   0.147474E+07   0.147455E+07   0.688642E+00
   0.944278E-01   0.261333E+07   0.259830E+07   0.687007E+01   0.204545E+02   0.242306E+06   0.260035E+07   0.261098E+07   0.260035E+07  -0.619264E-01   0.137342E+07   0.137323E+07   0.672313E+00
   0.101114E+00   0.236605E+07   0.235048E+07  -0.809058E+00   0.161487E+02   0.199944E+06   0.235391E+07   0.236361E+07   0.235391E+07  -0.560573E-01   0.124328E+07   0.124309E+07   0.621267E+00
   0.107801E+00   0.217184E+07   0.215711E+07  -0.194580E+01   0.130410E+02   0.168035E+06   0.216056E+07   0.216953E+07   0.216056E+07  -0.514528E-01   0.114118E+07   0.114100E+07   0.538936E+00
   0.114487E+00   0.202645E+07   0.201368E+07  -0.152529E+01   0.107890E+02   0.144141E+06   0.201601E+07   0.202445E+07   0.201601E+07  -0.480106E-01   0.106484E+07   0.106469E+07   0.440525E+00
   0.121173E+00   0.191574E+07   0.190540E+07  -0.174299E+01   0.910630E+01   0.125744E+06   0.190610E+07   0.191412E+07   0.190610E+07  -0.453929E-01   0.100680E+07   0.100667E+07   0.346320E+00
   0.127860E+00   0.182189E+07   0.181374E+07  -0.225039E+01   0.777926E+01   0.110720E+06   0.181295E+07   0.182062E+07   0.181295E+07  -0.431746E-01   0.957604E+06   0.957499E+06   0.272430E+00
   0.134546E+00   0.172991E+07   0.172317E+07  -0.918661E-03   0.667121E+01   0.976308E+05   0.172154E+07   0.172886E+07   0.172154E+07  -0.409978E-01   0.909330E+06   0.909239E+06   0.225847E+00
   0.141232E+00   0.163186E+07   0.162560E+07  -0.334427E+00   0.571138E+01   0.857621E+05   0.162395E+07   0.163088E+07   0.162395E+07  -0.386737E-01   0.857791E+06   0.857704E+06   0.204148E+00
   0.147919E+00   0.152777E+07   0.152124E+07  -0.181104E+01   0.487425E+01   0.749575E+05   0.152023E+07   0.152675E+07   0.152023E+07  -0.362038E-01   0.803014E+06   0.802926E+06   0.198567E+00
   0.154605E+00   0.142348E+07   0.141637E+07  -0.124232E+01   0.415671E+01   0.653555E+05   0.141628E+07   0.142236E+07   0.141628E+07  -0.337281E-01   0.748109E+06   0.748017E+06   0.198456E+00
   0.161291E+00   0.132688E+07   0.131929E+07   0.426675E+00   0.355965E+01   0.571363E+05   0.132000E+07   0.132569E+07   0.132000E+07  -0.314354E-01   0.697262E+06   0.697167E+06   0.195233E+00
   0.167978E+00   0.124423E+07   0.123656E+07   0.845417E-01   0.307727E+01   0.503565E+05   0.123768E+07   0.124303E+07   0.123768E+07  -0.294749E-01   0.653782E+06   0.653690E+06   0.184593E+00
   0.174664E+00   0.117785E+07   0.117057E+07  -0.545000E-01   0.269431E+01   0.448943E+05   0.117163E+07   0.117671E+07   0.117163E+07  -0.279019E-01   0.618894E+06   0.618807E+06   0.166710E+00
   0.181351E+00   0.112574E+07   0.111923E+07   0.147401E+00   0.238889E+01   0.404866E+05   0.111986E+07   0.112472E+07   0.111986E+07  -0.266691E-01   0.591551E+06   0.591472E+06   0.144885E+00
   0.188037E+00   0.108299E+07   0.107737E+07  -0.260650E+00   0.213782E+01   0.368149E+05   0.107742E+07   0.108211E+07   0.107742E+07  -0.256583E-01   0.569134E+06   0.569064E+06   0.123502E+00
   0.194723E+00   0.104383E+07   0.103899E+07  -0.748536E+00   0.192162E+01   0.335934E+05   0.103855E+07   0.104308E+07   0.103855E+07  -0.247326E-01   0.548602E+06   0.548540E+06   0.106160E+00
   0.201410E+00   0.100378E+07   0.999438E+06  -0.118860E+00   0.172731E+01   0.306285E+05   0.998738E+06   0.100310E+07   0.998738E+06  -0.237845E-01   0.527574E+06   0.527517E+06   0.945692E-01
   0.208096E+00   0.960812E+06   0.956652E+06   0.444511E+00   0.154883E+01   0.278350E+05   0.955979E+06   0.960161E+06   0.955979E+06  -0.227663E-01   0.504989E+06   0.504934E+06   0.883791E-01
   0.214782E+00   0.915499E+06   0.911278E+06   0.121077E+00   0.138527E+01   0.252142E+05   0.910848E+06   0.914838E+06   0.910848E+06  -0.216915E-01   0.481151E+06   0.481096E+06   0.857703E-01
   0.221469E+00   0.870189E+06   0.865804E+06  -0.319595E-01   0.123832E+01   0.228129E+05   0.865704E+06   0.869502E+06   0.865704E+06  -0.206164E-01   0.457306E+06   0.457250E+06   0.844027E-01
   0.228155E+00   0.827732E+06   0.823225E+06   0.140347E+00   0.110980E+01   0.206807E+05   0.823409E+06   0.827026E+06   0.823409E+06  -0.196092E-01   0.434966E+06   0.434909E+06   0.823125E-01
   0.234841E+00   0.790288E+06   0.785798E+06  -0.388171E-02   0.100008E+01   0.188401E+05   0.786127E+06   0.789585E+06   0.786127E+06  -0.187213E-01   0.415273E+06   0.415218E+06   0.784640E-01
   0.241528E+00   0.758623E+06   0.754315E+06  -0.100495E+00   0.907595E+00   0.172759E+05   0.754626E+06   0.757948E+06   0.754626E+06  -0.179711E-01   0.398633E+06   0.398581E+06   0.728529E-01
   0.248214E+00   0.732040E+06   0.728038E+06   0.146455E+00   0.829272E+00   0.159416E+05   0.728204E+06   0.731414E+06   0.728204E+06  -0.173419E-01   0.384677E+06   0.384627E+06   0.662375E-01
   0.254901E+00   0.708849E+06   0.705197E+06   0.130462E+00   0.761463E+00   0.147766E+05   0.705166E+06   0.708277E+06   0.705166E+06  -0.167933E-01   0.372507E+06   0.372462E+06   0.596780E-01
   0.261587E+00   0.687093E+06   0.683754E+06  -0.162835E+00   0.700874E+00   0.137236E+05   0.683552E+06   0.686570E+06   0.683552E+06  -0.162785E-01   0.361090E+06   0.361047E+06   0.540873E-01
   0.268273E+00   0.665238E+06   0.662118E+06  -0.222613E+00   0.645194E+00   0.127425E+05   0.661825E+06   0.664749E+06   0.661825E+06  -0.157611E-01   0.349613E+06   0.349573E+06   0.499420E-01
   0.274960E+00   0.642582E+06   0.639572E+06  -0.605596E-01   0.593279E+00   0.118139E+05   0.639283E+06   0.642110E+06   0.639283E+06  -0.152243E-01   0.337706E+06   0.337667E+06   0.472125E-01
   0.281646E+00   0.619296E+06   0.616310E+06  -0.733780E-01   0.544942E+00   0.109371E+05   0.616102E+06   0.618828E+06   0.616102E+06  -0.146722E-01   0.325461E+06   0.325422E+06   0.454828E-01
   0.288332E+00   0.596164E+06   0.593162E+06  -0.581575E-01   0.500522E+00   0.101217E+05   0.593067E+06   0.595694E+06   0.593067E+06  -0.141237E-01   0.313293E+06   0.313255E+06   0.441743E-01
   0.295019E+00   0.574157E+06   0.571148E+06   0.470192E-01   0.460428E+00   0.937855E+04   0.571155E+06   0.573686E+06   0.571155E+06  -0.136018E-01   0.301719E+06   0.301681E+06   0.427720E-01
   0.301705E+00   0.554036E+06   0.551063E+06   0.566131E-02   0.424810E+00   0.871333E+04   0.551126E+06   0.553570E+06   0.551126E+06  -0.131249E-01   0.291139E+06   0.291102E+06   0.409776E-01
   0.308391E+00   0.536102E+06   0.533220E+06  -0.116296E+00   0.393427E+00   0.812364E+04   0.533285E+06   0.535651E+06   0.533285E+06  -0.127000E-01   0.281714E+06   0.281678E+06   0.387535E-01
   0.315078E+00   0.520162E+06   0.517413E+06  -0.662891E-01   0.365705E+00   0.759980E+04   0.517434E+06   0.519731E+06   0.517434E+06  -0.123225E-01   0.273341E+06   0.273307E+06   0.362695E-01
   0.321764E+00   0.505667E+06   0.503070E+06   0.180445E-01   0.340900E+00   0.712817E+04   0.503026E+06   0.505260E+06   0.503026E+06  -0.119794E-01   0.265730E+06   0.265698E+06   0.337921E-01
   0.328451E+00   0.491953E+06   0.489497E+06  -0.623798E-02   0.318296E+00   0.669516E+04   0.489394E+06   0.491569E+06   0.489394E+06  -0.116547E-01   0.258529E+06   0.258498E+06   0.315684E-01
   0.335137E+00   0.478474E+06   0.476127E+06  -0.265985E-01   0.297349E+00   0.629041E+04   0.475990E+06   0.478106E+06   0.475990E+06  -0.113355E-01   0.251448E+06   0.251419E+06   0.297429E-01
   0.341823E+00   0.464943E+06   0.462670E+06   0.726362E-02   0.277748E+00   0.590821E+04   0.462530E+06   0.464587E+06   0.462530E+06  -0.110150E-01   0.244338E+06   0.244309E+06   0.283296E-01
   0.348510E+00   0.451373E+06   0.449142E+06  -0.196867E-01   0.259392E+00   0.554715E+04   0.449026E+06   0.451024E+06   0.449026E+06  -0.106934E-01   0.237205E+06   0.237176E+06   0.272337E-01
   0.355196E+00   0.437992E+06   0.435785E+06  -0.455173E-01   0.242312E+00   0.520850E+04   0.435707E+06   0.437647E+06   0.435707E+06  -0.103762E-01   0.230169E+06   0.230141E+06   0.263063E-01
   0.361882E+00   0.425114E+06   0.422931E+06   0.811415E-02   0.226573E+00   0.489435E+04   0.422889E+06   0.424772E+06   0.422889E+06  -0.100709E-01   0.223398E+06   0.223371E+06   0.254039E-01
   0.368569E+00   0.413004E+06   0.410856E+06   0.398794E-01   0.212202E+00   0.460589E+04   0.410837E+06   0.412667E+06   0.410837E+06  -0.978392E-02   0.217032E+06   0.217005E+06   0.244332E-01
   0.375255E+00   0.401784E+06   0.399689E+06   0.377404E-02   0.199146E+00   0.434251E+04   0.399674E+06   0.401456E+06   0.399674E+06  -0.951809E-02   0.211135E+06   0.211109E+06   0.233689E-01
   0.381941E+00   0.391414E+06   0.389386E+06  -0.139708E-01   0.187274E+00   0.410190E+04   0.389360E+06   0.391096E+06   0.389360E+06  -0.927247E-02   0.205687E+06   0.205661E+06   0.222449E-01
   0.388628E+00   0.381726E+06   0.379772E+06  -0.416828E-02   0.176410E+00   0.388065E+04   0.379726E+06   0.381420E+06   0.379726E+06  -0.904304E-02   0.200598E+06   0.200573E+06   0.211276E-01
   0.395314E+00   0.372497E+06   0.370615E+06  -0.174112E-01   0.166372E+00   0.367518E+04   0.370549E+06   0.372202E+06   0.370549E+06  -0.882449E-02   0.195750E+06   0.195726E+06   0.200849E-01
   0.402000E+00   0.363532E+06   0.361711E+06  -0.235988E-01   0.157013E+00   0.348249E+04   0.361633E+06   0.363247E+06   0.361633E+06  -0.861215E-02   0.191040E+06   0.191017E+06   0.191620E-01
   0.408687E+00   0.354709E+06   0.352938E+06   0.108496E-02   0.148231E+00   0.330061E+04   0.352857E+06   0.354432E+06   0.352857E+06  -0.840315E-02   0.186404E+06   0.186381E+06   0.183699E-01
   0.415373E+00   0.346006E+06   0.344272E+06   0.400307E-02   0.139976E+00   0.312865E+04   0.344198E+06   0.345735E+06   0.344198E+06  -0.819694E-02   0.181829E+06   0.181807E+06   0.176886E-01
   0.422060E+00   0.337477E+06   0.335773E+06  -0.192630E-01   0.132233E+00   0.296650E+04   0.335711E+06   0.337210E+06   0.335711E+06  -0.799483E-02   0.177346E+06   0.177325E+06   0.170798E-01
   0.428746E+00   0.329215E+06   0.327539E+06  -0.186290E-01   0.125003E+00   0.281433E+04   0.327490E+06   0.328953E+06   0.327490E+06  -0.779904E-02   0.173003E+06   0.172982E+06   0.165025E-01
   0.435432E+00   0.321307E+06   0.319662E+06  -0.532907E-02   0.118282E+00   0.267223E+04   0.319622E+06   0.321050E+06   0.319622E+06  -0.761166E-02   0.168847E+06   0.168826E+06   0.159265E-01
   0.442119E+00   0.313802E+06   0.312191E+06  -0.707085E-02   0.112051E+00   0.253999E+04   0.312154E+06   0.313549E+06   0.312154E+06  -0.743384E-02   0.164902E+06   0.164882E+06   0.153395E-01
   0.448805E+00   0.306694E+06   0.305122E+06  -0.686467E-02   0.106274E+00   0.241691E+04   0.305084E+06   0.306448E+06   0.305084E+06  -0.726546E-02   0.161167E+06   0.161148E+06   0.147458E-01
   0.455491E+00   0.299935E+06   0.298405E+06   0.217094E-02   0.100904E+00   0.230206E+04   0.298362E+06   0.299696E+06   0.298362E+06  -0.710537E-02   0.157616E+06   0.157597E+06   0.141608E-01
   0.462178E+00   0.293453E+06   0.291964E+06  -0.245534E-02   0.958875E-01   0.219436E+04   0.291914E+06   0.293220E+06   0.291914E+06  -0.695183E-02   0.154210E+06   0.154191E+06   0.136029E-01
   0.641729E+00   0.175847E+06   0.174955E+06   0.612312E-03   0.298040E-01   0.723177E+03   0.174923E+06   0.175708E+06   0.174923E+06  -0.416572E-02   0.924076E+05   0.923963E+05   0.590601E-02
   0.895605E+00   0.103029E+06   0.102507E+06   0.896537E-02   0.896537E-02   0.226717E+03   0.102486E+06   0.102947E+06   0.102486E+06  -0.244067E-02   0.541413E+05   0.541346E+05   0.250728E-02
   0.124992E+01   0.596141E+05   0.593118E+05   0.266335E-02   0.266335E-02   0.692181E+02   0.592999E+05   0.595668E+05   0.592999E+05  -0.141220E-02   0.313269E+05   0.313230E+05   0.106201E-02
   0.174440E+01   0.341271E+05   0.339539E+05   0.782796E-03   0.782796E-03   0.206974E+02   0.339471E+05   0.340999E+05   0.339471E+05  -0.808436E-03   0.179336E+05   0.179312E+05   0.453910E-03
   0.243451E+01   0.193572E+05   0.192588E+05   0.227962E-03   0.227962E-03   0.608994E+01   0.192551E+05   0.193418E+05   0.192551E+05  -0.458553E-03   0.101721E+05   0.101707E+05   0.199047E-03
